dataReal = [
461909 1.162000 -0.773000 63.956001 -0.015139 0.188137 1203.000000;
461915 1.161000 -0.782000 63.993999 -0.012208 0.189188 1202.000000;
461920 1.136000 -0.789000 63.956001 -0.009767 0.190146 1201.000000;
461925 1.114000 -0.800000 63.933998 -0.008983 0.195192 1201.000000;
461930 1.089000 -0.823000 63.862999 -0.008411 0.200044 1200.000000;
461935 1.063000 -0.843000 63.764999 -0.008108 0.204068 1200.000000;
461940 1.053000 -0.870000 63.671001 -0.007753 0.207843 1199.000000;
461945 1.027000 -0.875000 63.513000 -0.007628 0.211082 1199.000000;
461950 1.006000 -0.878000 63.395000 -0.007538 0.214018 1198.000000;
461955 0.979000 -0.885000 63.202000 -0.007681 0.216525 1197.000000;
461960 0.958000 -0.899000 63.036999 -0.007715 0.218630 1197.000000;
461965 0.936000 -0.918000 62.820999 -0.007862 0.220622 1197.000000;
461970 0.900000 -0.926000 62.588001 -0.008169 0.222305 1196.000000;
461975 0.871000 -0.934000 62.379002 -0.011594 0.220309 1195.000000;
461980 0.849000 -0.938000 62.113998 -0.015039 0.221381 1195.000000;
461985 0.834000 -0.939000 61.880001 -0.017889 0.222683 1195.000000;
461990 0.799000 -0.930000 61.592999 -0.022051 0.219319 1194.000000;
461995 0.745000 -0.911000 61.314999 -0.025765 0.216342 1193.000000;
462000 0.691000 -0.894000 61.047001 -0.029281 0.213447 1193.000000;
462005 0.645000 -0.888000 60.757000 -0.032792 0.210826 1193.000000;
462010 0.595000 -0.870000 60.441002 -0.033729 0.217244 1192.000000;
462015 0.521000 -0.833000 60.095001 -0.034403 0.223182 1192.000000;
462020 0.434000 -0.782000 59.738998 -0.035196 0.228201 1192.000000;
462025 0.366000 -0.739000 59.405998 -0.033964 0.228001 1192.000000;
462030 0.318000 -0.715000 59.081001 -0.033165 0.227496 1191.000000;
462035 0.267000 -0.677000 58.702000 -0.032468 0.227436 1191.000000;
462040 0.183000 -0.616000 58.331001 -0.036223 0.221132 1190.000000;
462045 0.081000 -0.542000 57.939999 -0.039706 0.215048 1190.000000;
462050 0.002000 -0.478000 57.576000 -0.042868 0.209193 1189.000000;
462055 -0.062000 -0.436000 57.228001 -0.042052 0.210953 1189.000000;
462060 -0.129000 -0.406000 56.824001 -0.041365 0.213244 1188.000000;
462065 -0.224000 -0.375000 56.445000 -0.040655 0.215752 1187.000000;
462070 -0.338000 -0.357000 56.037998 -0.040126 0.218017 1188.000000;
462165 -2.232000 -0.762000 48.168999 -0.054129 0.204182 1178.000000;
462170 -2.291000 -0.792000 47.723999 -0.054627 0.204990 1177.000000;
462175 -2.331000 -0.825000 47.280998 -0.055193 0.205459 1176.000000;
462180 -2.370000 -0.864000 46.841999 -0.055726 0.205884 1176.000000;
462185 -2.404000 -0.900000 46.414001 -0.056690 0.204070 1175.000000;
462191 -2.432000 -0.940000 45.980999 -0.057543 0.202534 1174.000000;
462197 -2.465000 -0.970000 45.543999 -0.058138 0.200663 1180.000000;
462202 -2.485000 -1.000000 45.105000 -0.057675 0.193753 1179.000000;
462206 -2.514000 -1.028000 44.655998 -0.057272 0.187627 1179.000000;
462211 -2.534000 -1.061000 44.216999 -0.056737 0.182224 1178.000000;
462216 -2.560000 -1.101000 43.776001 -0.058493 0.177022 1178.000000;
462221 -2.592000 -1.136000 43.337002 -0.059947 0.172378 1177.000000;
462226 -2.611000 -1.177000 42.901001 -0.061101 0.167981 1177.000000;
462231 -2.632000 -1.208000 42.463001 -0.062057 0.163870 1176.000000;
462236 -2.630000 -1.239000 42.020000 -0.058821 0.160925 1175.000000;
462241 -2.627000 -1.272000 41.577999 -0.055910 0.158423 1175.000000;
462246 -2.608000 -1.298000 41.124001 -0.053160 0.156186 1175.000000;
462251 -2.581000 -1.328000 40.674000 -0.050823 0.153873 1174.000000;
462256 -2.555000 -1.350000 40.219002 -0.048658 0.151883 1174.000000;
462261 -2.522000 -1.368000 39.768002 -0.046863 0.150029 1173.000000;
462266 -2.502000 -1.384000 39.313999 -0.047270 0.148726 1172.000000;
462271 -2.478000 -1.397000 38.855000 -0.047683 0.147606 1171.000000;
462276 -2.455000 -1.429000 38.407001 -0.047918 0.146769 1170.000000;
462281 -2.431000 -1.462000 37.945999 -0.053512 0.145498 1170.000000;
462286 -2.402000 -1.499000 37.498001 -0.058435 0.144224 1170.000000;
462291 -2.380000 -1.530000 37.042999 -0.063055 0.143309 1169.000000;
462296 -2.343000 -1.550000 36.596001 -0.066941 0.142165 1169.000000;
462301 -2.303000 -1.575000 36.150002 -0.061589 0.144075 1168.000000;
462306 -2.259000 -1.584000 35.692001 -0.056565 0.145553 1166.000000;
462311 -2.214000 -1.595000 35.243000 -0.052178 0.147004 1166.000000;
462316 -2.181000 -1.601000 34.777000 -0.049734 0.150387 1166.000000;
462321 -2.138000 -1.604000 34.327999 -0.047398 0.153403 1166.000000;
462326 -2.110000 -1.614000 33.874001 -0.045373 0.156210 1167.000000;
462331 -2.073000 -1.612000 33.432999 -0.044914 0.155615 1167.000000;
462336 -2.032000 -1.623000 32.977001 -0.044739 0.155276 1166.000000;
462341 -1.987000 -1.621000 32.521000 -0.044653 0.155027 1166.000000;
462346 -1.937000 -1.620000 32.048000 -0.043635 0.154934 1165.000000;
462352 -1.906000 -1.624000 31.577999 -0.042581 0.154791 1164.000000;
462356 -1.874000 -1.613000 31.108999 -0.041470 0.154782 1164.000000;
462361 -1.855000 -1.614000 30.639999 -0.040479 0.154619 1163.000000;
462366 -1.831000 -1.602000 30.188999 -0.043612 0.158213 1163.000000;
462371 -1.811000 -1.599000 29.719000 -0.046342 0.161237 1162.000000;
463473 -1.792000 -1.596000 29.261999 -0.048797 0.165895 1161.000000;
463478 -1.770000 -1.586000 28.780001 -0.050929 0.169817 1161.000000;
463484 -1.744000 -1.590000 28.309999 -0.053075 0.173350 1160.000000;
463488 -1.712000 -1.582000 27.830999 -0.055045 0.176479 1160.000000;
463494 -1.690000 -1.577000 27.360001 -0.055455 0.181665 1160.000000;
463499 -1.679000 -1.559000 26.898001 -0.055842 0.186608 1159.000000;
463504 -1.685000 -1.539000 26.437000 -0.056113 0.190807 1159.000000;
463509 -1.685000 -1.521000 25.982000 -0.058747 0.198600 1159.000000;
463514 -1.694000 -1.494000 25.511000 -0.061313 0.205292 1159.000000;
463519 -1.710000 -1.470000 25.045000 -0.063828 0.211729 1160.000000;
463524 -1.732000 -1.451000 24.580999 -0.068194 0.214081 1160.000000;
463529 -1.760000 -1.442000 24.122999 -0.072259 0.216394 1159.000000;
463534 -1.780000 -1.438000 23.672001 -0.075971 0.218273 1158.000000;
463539 -1.819000 -1.437000 23.216999 -0.079396 0.219838 1157.000000;
463544 -1.852000 -1.428000 22.746000 -0.082064 0.223169 1156.000000;
463549 -1.894000 -1.420000 22.281000 -0.084408 0.225760 1156.000000;
463554 -1.933000 -1.410000 21.808001 -0.086532 0.228142 1156.000000;
463559 -1.971000 -1.415000 21.348000 -0.088560 0.226957 1157.000000;
463564 -2.020000 -1.425000 20.879999 -0.090242 0.226178 1158.000000;
463569 -2.063000 -1.437000 20.417999 -0.091762 0.225534 1158.000000;
463574 -2.116000 -1.458000 19.959999 -0.092461 0.226847 1158.000000;
463579 -2.159000 -1.476000 19.500999 -0.093099 0.227790 1158.000000;
463584 -2.209000 -1.499000 19.042000 -0.093660 0.228501 1159.000000;
463589 -2.260000 -1.516000 18.573999 -0.093910 0.233296 1158.000000;
463594 -2.321000 -1.534000 18.101999 -0.094192 0.237660 1158.000000;
463599 -2.387000 -1.556000 17.638000 -0.094348 0.241677 1158.000000;
463604 -2.449000 -1.583000 17.177000 -0.100067 0.247537 1158.000000;
463609 -2.513000 -1.611000 16.724001 -0.105350 0.252571 1158.000000;
463614 -2.575000 -1.639000 16.260000 -0.110093 0.257105 1158.000000;
463619 -2.647000 -1.664000 15.788000 -0.114415 0.260971 1157.000000;
463624 -2.712000 -1.693000 15.321000 -0.118342 0.266213 1157.000000;
463629 -2.783000 -1.728000 14.841000 -0.121959 0.270604 1157.000000;
463634 -2.843000 -1.763000 14.387000 -0.125116 0.274550 1156.000000;
463639 -2.901000 -1.804000 13.906000 -0.131190 0.272515 1155.000000;
463644 -2.964000 -1.845000 13.453000 -0.136646 0.270553 1154.000000;
463649 -3.023000 -1.889000 12.982000 -0.141455 0.268749 1155.000000;
463654 -3.096000 -1.938000 12.520000 -0.143793 0.271600 1156.000000;
463659 -3.168000 -1.985000 12.054000 -0.145782 0.274430 1158.000000;
463664 -3.249000 -2.038000 11.579000 -0.147565 0.276682 1159.000000;
463669 -3.330000 -2.089000 11.111000 -0.151205 0.277833 1158.000000;
463674 -3.413000 -2.147000 10.637000 -0.154628 0.278776 1158.000000;
