dataFiltered = [
9400 -948.049683 -1552.037231 -0.000045 0.003462 0.000090 0.000000;
9405 -948.149170 -1552.112793 -0.611016 0.017267 0.000494 0.000001;
9410 -948.302795 -1552.236328 -3.639529 0.044750 0.001422 -0.014110;
9415 -948.518555 -1552.421387 -10.248205 0.085738 0.003017 -0.056107;
9420 -948.803406 -1552.676392 -20.152422 0.140121 0.005364 -0.111208;
9425 -949.159790 -1553.003052 -33.032597 0.207910 0.008456 -0.164976;
9430 -949.583618 -1553.390991 -50.062958 0.289236 0.012236 -0.245648;
9435 -950.066772 -1553.818970 -73.194397 0.384319 0.016645 -0.380791;
9440 -950.605286 -1554.268066 -102.372406 0.493320 0.021638 -0.554964;
9445 -951.200806 -1554.725220 -136.230515 0.616313 0.027178 -0.753082;
9450 -951.855103 -1555.177734 -173.279739 0.753359 0.033265 -0.960409;
9455 -952.566284 -1555.614990 -212.132935 0.904541 0.039971 -1.162554;
9460 -953.328552 -1556.028809 -251.633499 1.069933 0.047385 -1.373691;
9465 -954.133362 -1556.413452 -291.806763 1.249578 0.055555 -1.607656;
9470 -954.973633 -1556.763916 -333.766754 1.443488 0.064451 -1.849728;
9475 -955.850403 -1557.073730 -379.365265 1.651737 0.074044 -2.085533;
9480 -956.769714 -1557.335815 -430.374268 1.874505 0.084371 -2.315146;
9485 -957.733643 -1557.547974 -485.608124 2.111932 0.095506 -2.538646;
9490 -958.740540 -1557.713257 -542.966675 2.364031 0.107461 -2.770221;
9495 -959.787354 -1557.839111 -602.397827 2.630684 0.120135 -3.023725;
9500 -960.872620 -1557.934570 -664.634644 2.911704 0.133383 -3.284450;
9505 -961.999329 -1558.009277 -729.854248 3.206892 0.147111 -3.552149;
9510 -963.172485 -1558.076416 -798.005554 3.516027 0.161296 -3.840689;
9515 -964.395691 -1558.159790 -869.909912 3.838876 0.175946 -4.149491;
9520 -965.671753 -1558.296753 -945.827271 4.175229 0.191043 -4.477986;
9525 -967.001953 -1558.522095 -1024.258545 4.524938 0.206520 -4.811496;
9530 -968.387695 -1558.863037 -1104.767578 4.887888 0.222283 -5.149802;
9535 -969.830750 -1559.413818 -1194.220459 5.263851 0.238172 -5.563248;
9540 -971.329712 -1560.340210 -1298.754395 5.652466 0.253945 -6.092274;
9545 -972.882751 -1561.747070 -1410.410400 6.053654 0.269457 -6.663432;
9550 -974.489441 -1563.676758 -1521.290161 6.467836 0.284726 -7.233223;
9555 -976.148193 -1566.175659 -1631.631470 6.895598 0.299826 -7.787397;
9560 -977.855957 -1569.293457 -1741.531738 7.337341 0.314794 -8.283820;
9565 -979.829407 -1573.727295 -1916.962769 7.798855 0.327353 -8.991829;
9570 -982.500427 -1580.770020 -2221.022461 8.291490 0.332922 -10.202577;
9575 -986.068298 -1590.968262 -2581.551514 8.820877 0.329134 -11.663923;
9580 -990.504028 -1604.179932 -2928.750000 9.386878 0.315889 -13.101394;
9585 -995.777161 -1620.271606 -3261.459961 9.989281 0.293120 -14.501007;
9590 -1001.857544 -1639.112427 -3579.980957 10.627742 0.260797 -15.933797;
9595 -1008.716797 -1660.574951 -3883.477539 11.301769 0.218908 -17.469110;
9600 -1016.326904 -1684.533813 -4171.031738 12.010886 0.167431 -19.047619;
9605 -1024.658569 -1710.867920 -4442.825684 12.754676 0.106332 -20.611382;
9610 -1033.681396 -1739.459839 -4699.309082 13.532906 0.035607 -22.146168;
9615 -1043.364990 -1770.197388 -4942.278320 14.345711 -0.044696 -23.638088;
9620 -1053.680786 -1802.970703 -5172.378906 15.193358 -0.134496 -25.087709;
9625 -1064.601562 -1837.670532 -5390.284668 16.075983 -0.233742 -26.509703;
9630 -1076.101196 -1874.190063 -5596.563965 16.993542 -0.342436 -27.932520;
9635 -1088.151978 -1912.423706 -5791.729492 17.945869 -0.460601 -29.355715;
9640 -1100.713013 -1952.267334 -5979.555664 18.933117 -0.588488 -30.764738;
9645 -1113.723267 -1993.622681 -6161.616211 19.955820 -0.726653 -32.103058;
9650 -1127.118652 -2036.404175 -6333.361328 21.014120 -0.875508 -33.301376;
9655 -1140.850220 -2080.536377 -6491.265625 22.107571 -1.035209 -34.404976;
9660 -1154.880493 -2125.952637 -6636.064941 23.235579 -1.205851 -35.472206;
9665 -1169.179077 -2172.592285 -6768.562500 24.397657 -1.387429 -36.503609;
9670 -1183.714844 -2220.399902 -6887.924805 25.593575 -1.579761 -37.499718;
9675 -1198.452881 -2269.327637 -6993.888672 26.823383 -1.782689 -38.461067;
9680 -1213.359009 -2319.322754 -7087.785645 28.087393 -1.996305 -39.331741;
9685 -1228.397217 -2370.333252 -7173.170410 29.386255 -2.220856 -40.057171;
9690 -1243.508423 -2422.330322 -7253.285156 30.721153 -2.456817 -40.682903;
9695 -1258.616089 -2475.292725 -7326.049805 32.093418 -2.704860 -41.253441;
9700 -1273.652466 -2529.182373 -7386.162109 33.503693 -2.965366 -41.784023;
9705 -1288.561157 -2583.956055 -7430.818848 34.951767 -3.238381 -42.289543;
9710 -1303.298950 -2639.553467 -7462.275879 36.437271 -3.523868 -42.756332;
9715 -1317.831543 -2695.893799 -7483.274902 37.960442 -3.821834 -43.171055;
9720 -1332.126099 -2752.895752 -7493.531250 39.521908 -4.132327 -43.534817;
9725 -1346.156494 -2810.490234 -7493.697266 41.121841 -4.455331 -43.848709;
9730 -1359.896362 -2868.613770 -7485.934082 42.759911 -4.790743 -44.127926;
9735 -1373.318481 -2927.201904 -7469.878906 44.435642 -5.138440 -44.387318;
9740 -1386.397217 -2986.181641 -7444.839844 46.148663 -5.498320 -44.627270;
9745 -1399.111328 -3045.472656 -7411.429688 47.898792 -5.870336 -44.848175;
9750 -1411.441650 -3104.994141 -7369.544434 49.685902 -6.254462 -45.064522;
9755 -1423.369385 -3164.669434 -7320.269043 51.509758 -6.650681 -45.290466;
9760 -1434.876465 -3224.425537 -7263.822754 53.369984 -7.059015 -45.511608;
9765 -1445.944214 -3284.191650 -7200.028320 55.266148 -7.479496 -45.713875;
9770 -1456.546631 -3343.888184 -7128.898438 57.197975 -7.912169 -45.897659;
9775 -1466.657471 -3403.420898 -7048.619141 59.165405 -8.357093 -46.063339;
9780 -1476.263306 -3462.699219 -6959.989258 61.168297 -8.814273 -46.211288;
9785 -1485.357422 -3521.642578 -6865.395996 63.206242 -9.283596 -46.341885;
9790 -1493.931885 -3580.173340 -6764.909668 65.278587 -9.764836 -46.455498;
9795 -1501.975586 -3638.218994 -6658.645996 67.384583 -10.257721 -46.538383;
9800 -1509.477539 -3695.716064 -6547.026855 69.523499 -10.762116 -46.577126;
9805 -1516.432129 -3752.605225 -6430.416016 71.694633 -11.278137 -46.586872;
9810 -1522.839722 -3808.827393 -6309.692871 73.897324 -11.805988 -46.582413;
9815 -1528.703979 -3864.322998 -6184.786133 76.130981 -12.345759 -46.564083;
9820 -1534.026367 -3919.031738 -6055.719727 78.395149 -12.897368 -46.532219;
9825 -1538.804810 -3972.900879 -5922.301758 80.689468 -13.460657 -46.458923;
9830 -1543.016113 -4025.846924 -5780.774414 83.013573 -14.035621 -46.316971;
9835 -1546.622314 -4077.761230 -5628.721191 85.367065 -14.622386 -46.136250;
9840 -1549.609253 -4128.583984 -5471.425293 87.749390 -15.220952 -45.889503;
9845 -1551.982910 -4178.299805 -5313.695312 90.159706 -15.831249 -45.521919;
9850 -1553.749268 -4226.890137 -5155.036621 92.597046 -16.453239 -45.092903;
9855 -1554.914795 -4274.330078 -4995.236816 95.060692 -17.086937 -44.660484;
9860 -1555.485840 -4320.597168 -4834.706055 97.550430 -17.732452 -44.224869;
9865 -1555.468018 -4365.671875 -4673.268555 100.066254 -18.389936 -43.786270;
9870 -1554.864258 -4409.540527 -4511.282715 102.608040 -19.059492 -43.330769;
9875 -1553.677002 -4452.191406 -4348.960449 105.175537 -19.741175 -42.844799;
9880 -1551.907593 -4493.614258 -4186.504883 107.768448 -20.435001 -42.300995;
9885 -1549.560547 -4533.795898 -4024.285889 110.386566 -21.140949 -41.672661;
9890 -1546.643921 -4572.721191 -3862.046875 113.029823 -21.858934 -41.004318;
9895 -1543.165039 -4610.376465 -3699.760498 115.698166 -22.588842 -40.325336;
9900 -1539.129517 -4646.752930 -3537.443359 118.391502 -23.330555 -39.622059;
9905 -1534.539062 -4681.844727 -3375.330322 121.109612 -24.083986 -38.909374;
9910 -1529.394165 -4715.648926 -3214.343750 123.852135 -24.849117 -38.201839;
9915 -1523.695923 -4748.165527 -3055.193604 126.618607 -25.625940 -37.499538;
9920 -1517.449341 -4779.391602 -2898.339844 129.408493 -26.414375 -36.830788;
9925 -1510.664429 -4809.323730 -2743.610107 132.221115 -27.214222 -36.223213;
9930 -1503.353149 -4837.957520 -2590.707275 135.055817 -28.025225 -35.647335;
