dataFiltered = [
17410 948.049683 715.017151 0.000061 -0.001131 0.000999 0.000001;
17415 948.148438 715.048706 -0.043324 -0.005681 0.005010 0.028226;
17420 948.297668 715.086670 -1.306240 -0.014846 0.013063 0.098115;
17425 948.499268 715.122498 -5.700398 -0.028664 0.025190 0.166323;
17430 948.754761 715.153992 -16.364721 -0.047080 0.041404 0.218759;
17435 949.066101 715.184326 -39.400436 -0.069996 0.061710 0.269892;
17440 949.435364 715.221191 -80.383789 -0.097355 0.086131 0.319737;
17445 949.865540 715.275757 -143.248199 -0.129178 0.114729 0.368310;
17450 950.361877 715.363464 -230.435989 -0.165524 0.147576 0.415625;
17455 950.933838 715.503235 -342.478241 -0.206447 0.184724 0.419365;
17460 951.596436 715.716797 -481.694305 -0.251972 0.226200 0.338218;
17465 952.369751 716.030029 -651.505127 -0.302073 0.272015 0.216551;
17470 953.276245 716.473450 -854.769958 -0.356701 0.322166 0.097692;
17475 954.338623 717.082764 -1093.327026 -0.415790 0.376706 -0.018391;
17480 955.578125 717.892700 -1366.115112 -0.479237 0.435799 -0.131728;
17485 957.012817 718.937927 -1671.649414 -0.546930 0.499650 -0.242350;
17490 958.655945 720.256897 -2010.702148 -0.618759 0.568455 -0.350287;
17495 960.515686 721.888306 -2385.073730 -0.694604 0.642394 -0.483793;
17500 962.598450 723.869080 -2795.978516 -0.774356 0.721613 -0.670452;
17505 964.912537 726.227356 -3242.716309 -0.858041 0.806219 -0.880727;
17510 967.468811 728.980408 -3722.881592 -0.945902 0.896268 -1.085776;
17515 970.277161 732.141296 -4236.101074 -1.038244 0.991788 -1.285660;
17520 973.342041 735.717712 -4783.471191 -1.135314 1.092796 -1.480442;
17525 976.662720 739.715332 -5365.183105 -1.237382 1.199323 -1.670184;
17530 980.234741 744.137146 -5981.083008 -1.344790 1.311434 -1.854947;
17535 984.053101 748.980530 -6629.902832 -1.457896 1.429203 -2.034793;
17540 988.112610 754.240234 -7311.487793 -1.576823 1.552698 -2.209785;
17545 992.405762 759.903992 -8026.270996 -1.701309 1.681987 -2.379985;
17550 996.919617 765.953735 -8772.848633 -1.830931 1.817128 -2.545454;
17555 1001.632568 772.368469 -9549.716797 -1.965337 1.958215 -2.706255;
17560 1006.512878 779.119385 -10355.927734 -2.104264 2.105407 -2.862450;
17565 1011.519897 786.167664 -11190.852539 -2.247498 2.258882 -3.014101;
17570 1016.606079 793.460205 -12053.600586 -2.395005 2.418774 -3.161268;
17575 1021.605713 800.794189 -13068.418945 -2.547479 2.585294 -3.304015;
17580 1026.237183 807.830078 -14355.108398 -2.706099 2.758732 -3.442402;
17585 1030.333130 814.363953 -15778.215820 -2.871407 2.939187 -3.576491;
17590 1033.841797 820.323608 -17206.791016 -3.043358 3.126609 -3.706343;
17595 1036.711670 825.640320 -18639.060547 -3.221860 3.320960 -3.832018;
17600 1038.893311 830.251343 -20073.017578 -3.406765 3.522150 -3.953579;
17605 1040.341553 834.098267 -21507.343750 -3.597836 3.729990 -4.056973;
17610 1041.014648 837.127197 -22940.863281 -3.794805 3.944251 -4.128488;
17615 1040.874878 839.280212 -24372.056641 -3.997526 4.164770 -4.182967;
17620 1039.888184 840.493347 -25799.123047 -4.206070 4.391497 -4.220797;
17625 1038.025024 840.702209 -27220.423828 -4.420590 4.624434 -4.228245;
17630 1035.260132 839.848022 -28635.224609 -4.641199 4.863574 -4.220138;
17635 1031.571777 837.882507 -30043.392578 -4.867882 5.108917 -4.210956;
17640 1026.943604 834.765381 -31444.980469 -5.100447 5.360485 -4.186614;
17645 1021.365784 830.460144 -32839.523438 -5.338628 5.618298 -4.133366;
17650 1014.833435 824.932129 -34226.492188 -5.582230 5.882348 -4.066023;
17655 1007.343201 818.148132 -35606.003906 -5.831142 6.152593 -3.999053;
17660 998.891663 810.079468 -36977.421875 -6.085282 6.428970 -3.904241;
17665 989.478394 800.702209 -38340.546875 -6.344442 6.711387 -3.754049;
17670 979.108704 789.995972 -39695.105469 -6.608212 6.999699 -3.563941;
17675 967.791626 777.944397 -41040.496094 -6.876109 7.293747 -3.349027;
17680 955.536377 764.538269 -42375.796875 -7.147696 7.593387 -3.109959;
17685 942.351257 749.774048 -43698.652344 -7.422633 7.898504 -2.847378;
17690 928.247498 733.648682 -45007.214844 -7.700738 8.209018 -2.576028;
17695 913.241577 716.159485 -46300.101562 -7.981897 8.524862 -2.296197;
17700 897.353638 697.304443 -47577.546875 -8.265903 8.845924 -2.036390;
17705 880.605896 677.083069 -48840.121094 -8.552360 9.172014 -1.838554;
17710 863.022888 655.499146 -50087.398438 -8.840791 9.502908 -1.658946;
17715 844.632812 632.562500 -51318.882812 -9.130791 9.838449 -1.468970;
17720 825.466492 608.288391 -52533.898438 -9.422065 10.178607 -1.268929;
17725 805.555359 582.693604 -53732.644531 -9.714378 10.523397 -1.045005;
17730 784.931152 555.795776 -54915.453125 -10.007530 10.872781 -0.811940;
17735 763.627625 527.612427 -56082.140625 -10.301376 11.226608 -0.570019;
17740 741.680664 498.161957 -57231.492188 -10.595800 11.584691 -0.305412;
17745 719.126770 467.467590 -58362.398438 -10.890685 11.946850 -0.018736;
17750 696.000793 435.559326 -59474.699219 -11.185906 12.312922 0.289404;
17755 672.336060 402.474670 -60568.988281 -11.481318 12.682756 0.618410;
17760 648.163879 368.251923 -61645.937500 -11.776768 13.056212 0.967693;
17765 623.514587 332.928986 -62705.035156 -12.071789 13.433305 1.322554;
17770 598.417725 296.543945 -63745.539062 -12.365320 13.814338 1.682755;
17775 572.902283 259.135864 -64766.539062 -12.656101 14.199727 2.062175;
17780 546.998352 220.747162 -65768.015625 -12.943022 14.589811 2.460242;
17785 520.737488 181.422821 -66750.781250 -13.225118 14.984829 2.876400;
17790 494.152740 141.210083 -67715.117188 -13.501552 15.384959 3.310097;
17795 467.278351 100.151909 -68660.929688 -13.771612 15.790371 3.760791;
17800 440.149292 58.287952 -69587.679688 -14.034715 16.201248 4.213832;
17805 412.800415 15.660599 -70494.843750 -14.290369 16.617771 4.669027;
17810 385.265839 -27.682867 -71382.640625 -14.538149 17.040096 5.140303;
17815 357.579010 -71.688049 -72251.585938 -14.777696 17.468330 5.627140;
17820 329.772369 -116.295616 -73101.992188 -15.008699 17.902493 6.185472;
17825 301.875916 -161.443390 -73933.843750 -15.230907 18.342546 6.855781;
17830 273.916107 -207.070267 -74746.218750 -15.444163 18.788412 7.578774;
17835 245.916016 -253.114258 -75538.906250 -15.648378 19.239998 8.310658;
17840 217.896240 -299.509216 -76312.460938 -15.843487 19.697212 9.051001;
17845 189.877106 -346.186218 -77067.757812 -16.029455 20.159956 9.799380;
17850 161.879379 -393.072052 -77806.132812 -16.206287 20.628124 10.555379;
17855 133.923233 -440.089661 -78527.492188 -16.374008 21.101610 11.318593;
17860 106.026535 -487.159332 -79231.140625 -16.532654 21.580317 12.088625;
17865 78.204453 -534.202759 -79915.703125 -16.682243 22.064146 12.865083;
17870 50.471874 -581.144836 -80580.601562 -16.822794 22.553005 13.647579;
17875 22.844831 -627.911072 -81226.843750 -16.954462 23.046740 14.435739;
17880 -4.658619 -674.427551 -81855.437500 -17.077644 23.545088 15.229186;
17885 -32.020512 -720.619690 -82467.640625 -17.192820 24.047749 16.027563;
17890 -59.226734 -766.413208 -83063.281250 -17.300447 24.554380 16.830511;
17895 -86.269913 -811.736511 -83641.750000 -17.400967 25.064541 17.637688;
17900 -113.150208 -856.524475 -84202.585938 -17.494778 25.577753 18.491077;
17905 -139.871704 -900.718628 -84745.578125 -17.582224 26.093582 19.445787;
17910 -166.438705 -944.265076 -85271.500000 -17.663645 26.611650 20.456804;
17915 -192.853638 -987.114197 -85780.500000 -17.739361 27.131662 21.466045;
17920 -219.118439 -1029.219360 -86272.820312 -17.809668 27.653362 22.487362;
17925 -245.236221 -1070.536987 -86748.695312 -17.874840 28.176439 23.520168;
17930 -271.210938 -1111.026123 -87208.296875 -17.935175 28.700451 24.549767;
17935 -297.044800 -1150.652466 -87651.843750 -17.990959 29.224913 25.575926;
17940 -322.735931 -1189.388428 -88079.453125 -18.042486 29.749371 26.570194;
17945 -348.279480 -1227.211548 -88491.679688 -18.090078 30.273397 27.518909;
17950 -373.670593 -1264.105347 -88888.726562 -18.134050 30.796597 28.451090;
