dataModel = [
9400 0.000000 0.000000 0.000000 0.000000 0.000000 0.000000;
9405 0.000000 -221.800003 0.000000 0.635679 0.000000 0.000000;
9410 0.000000 -430.084076 0.000000 1.863877 0.000000 0.000000;
9415 0.000000 -625.675842 0.000000 3.644097 0.000000 0.000000;
9420 0.000000 -809.348755 0.000000 5.938338 0.000000 0.000000;
9425 0.000000 -981.829041 0.000000 8.710947 0.000000 0.000000;
9430 0.000000 -1143.798828 0.000000 11.928472 0.000000 0.000000;
9435 0.000000 -1295.898560 0.000000 15.559530 0.000000 0.000000;
9440 0.000000 -1438.729736 0.000000 19.574680 0.000000 0.000000;
9445 0.000000 -1572.857178 0.000000 23.946306 0.000000 0.000000;
9450 0.000000 -1698.811157 0.000000 28.648500 0.000000 0.000000;
9455 0.000000 -1817.089966 0.000000 33.656971 0.000000 0.000000;
9460 0.000000 -1928.161011 0.000000 38.948925 0.000000 0.000000;
9465 0.000000 -2032.463745 0.000000 44.502991 0.000000 0.000000;
9470 0.000000 -2130.410400 0.000000 50.299137 0.000000 0.000000;
9475 0.000000 -2222.388428 0.000000 56.318565 0.000000 0.000000;
9480 0.000000 -2308.761719 0.000000 62.543659 0.000000 0.000000;
9485 0.000000 -2389.871338 0.000000 68.957909 0.000000 0.000000;
9490 0.000000 -2466.038574 0.000000 75.545830 0.000000 0.000000;
9495 0.000000 -2537.564209 0.000000 82.292915 0.000000 0.000000;
9500 0.000000 -2604.731445 0.000000 89.185555 0.000000 0.000000;
9505 0.000000 -2667.805664 0.000000 96.211014 0.000000 0.000000;
9510 0.000000 -2727.036133 0.000000 103.357353 0.000000 0.000000;
9515 0.000000 -2782.657471 0.000000 110.613380 0.000000 0.000000;
9520 0.000000 -2834.889160 0.000000 117.968628 0.000000 0.000000;
9525 0.000000 -2883.937988 0.000000 125.413269 0.000000 0.000000;
9530 0.000000 -2929.998047 0.000000 132.938126 0.000000 0.000000;
9535 0.000000 -2973.251465 0.000000 140.534607 0.000000 0.000000;
9540 0.000000 -3013.868896 0.000000 148.194641 0.000000 0.000000;
9545 0.000000 -3052.011230 0.000000 155.910706 0.000000 0.000000;
9550 0.000000 -3087.829346 0.000000 163.675735 0.000000 0.000000;
9555 0.000000 -3121.464844 0.000000 171.483139 0.000000 0.000000;
9560 0.000000 -3153.050537 0.000000 179.326752 0.000000 0.000000;
9565 0.000000 -3182.711426 0.000000 187.200821 0.000000 0.000000;
9570 0.000000 -3210.564941 0.000000 195.099915 0.000000 0.000000;
9575 0.000000 -3236.720947 0.000000 203.019043 0.000000 0.000000;
9580 0.000000 -3261.283447 0.000000 210.953461 0.000000 0.000000;
9585 0.000000 -3284.348877 0.000000 218.898773 0.000000 0.000000;
9590 0.000000 -3306.009033 0.000000 226.850891 0.000000 0.000000;
9595 0.000000 -3326.349121 0.000000 234.805984 0.000000 0.000000;
9600 0.000000 -3345.449707 0.000000 242.760483 0.000000 0.000000;
9605 0.000000 -3363.386475 0.000000 250.711029 0.000000 0.000000;
9610 0.000000 -3380.229980 0.000000 258.654541 0.000000 0.000000;
9615 0.000000 -3396.047119 0.000000 266.588135 0.000000 0.000000;
9620 0.000000 -3410.900635 0.000000 274.509064 0.000000 0.000000;
9625 0.000000 -3424.848877 0.000000 282.414917 0.000000 0.000000;
9630 0.000000 -3437.947021 0.000000 290.303284 0.000000 0.000000;
9635 0.000000 -3450.247070 0.000000 298.172028 0.000000 0.000000;
9640 0.000000 -3461.797607 0.000000 306.019135 0.000000 0.000000;
9645 0.000000 -3472.644287 0.000000 313.842712 0.000000 0.000000;
9650 0.000000 -3482.830078 0.000000 321.641052 0.000000 0.000000;
9655 0.000000 -3492.395264 0.000000 329.412567 0.000000 0.000000;
9660 0.000000 -3501.377441 0.000000 337.155762 0.000000 0.000000;
9665 0.000000 -3509.812012 0.000000 344.869263 0.000000 0.000000;
9670 0.000000 -3517.732910 0.000000 352.551788 0.000000 0.000000;
9675 0.000000 -3525.171143 0.000000 360.202179 0.000000 0.000000;
9680 0.000000 -3532.156006 0.000000 367.819397 0.000000 0.000000;
9685 0.000000 -3538.715088 0.000000 375.402405 0.000000 0.000000;
9690 0.000000 -3544.874756 0.000000 382.950287 0.000000 0.000000;
9695 0.000000 -3550.658936 0.000000 390.462250 0.000000 0.000000;
9700 0.000000 -3556.090576 0.000000 397.937500 0.000000 0.000000;
9705 0.000000 -3561.191406 0.000000 405.375397 0.000000 0.000000;
9710 0.000000 -3565.981201 0.000000 412.775238 0.000000 0.000000;
9715 0.000000 -3570.479248 0.000000 420.136505 0.000000 0.000000;
9720 0.000000 -3574.702881 0.000000 427.458679 0.000000 0.000000;
9725 0.000000 -3578.669434 0.000000 434.741272 0.000000 0.000000;
9730 0.000000 -3582.394287 0.000000 441.983856 0.000000 0.000000;
9735 0.000000 -3585.892090 0.000000 449.186096 0.000000 0.000000;
9740 0.000000 -3589.177002 0.000000 456.347656 0.000000 0.000000;
9745 0.000000 -3592.261230 0.000000 463.468231 0.000000 0.000000;
9750 0.000000 -3595.157959 0.000000 470.547546 0.000000 0.000000;
9755 0.000000 -3597.877930 0.000000 477.585449 0.000000 0.000000;
9760 0.000000 -3600.432373 0.000000 484.581665 0.000000 0.000000;
9765 0.000000 -3602.831055 0.000000 491.536102 0.000000 0.000000;
9770 0.000000 -3605.083740 0.000000 498.448608 0.000000 0.000000;
9775 0.000000 -3607.198975 0.000000 505.319061 0.000000 0.000000;
9780 0.000000 -3609.185303 0.000000 512.147400 0.000000 0.000000;
9785 0.000000 -3611.050537 0.000000 518.933655 0.000000 0.000000;
9790 0.000000 -3612.802246 0.000000 525.677673 0.000000 0.000000;
9795 0.000000 -3614.447021 0.000000 532.379517 0.000000 0.000000;
9800 0.000000 -3615.991943 0.000000 539.039124 0.000000 0.000000;
9805 0.000000 -3617.442383 0.000000 545.656555 0.000000 0.000000;
9810 0.000000 -3618.804443 0.000000 552.231873 0.000000 0.000000;
9815 0.000000 -3620.083496 0.000000 558.765076 0.000000 0.000000;
9820 0.000000 -3621.284668 0.000000 565.256287 0.000000 0.000000;
9825 0.000000 -3622.412598 0.000000 571.705566 0.000000 0.000000;
9830 0.000000 -3623.471924 0.000000 578.113037 0.000000 0.000000;
9835 0.000000 -3624.466553 0.000000 584.478760 0.000000 0.000000;
9840 0.000000 -3625.400879 0.000000 590.802856 0.000000 0.000000;
9845 0.000000 -3626.277832 0.000000 597.085449 0.000000 0.000000;
9850 -185.595413 -3405.301514 0.000000 602.691101 -0.362991 0.000000;
9855 -365.449890 -3197.791016 0.000000 607.662964 -1.074906 0.000000;
9860 -539.740967 -3002.925537 0.000000 612.041748 -2.122133 0.000000;
9865 -708.640808 -2819.934814 0.000000 615.865662 -3.491504 0.000000;
9870 -872.316101 -2648.095215 0.000000 619.170410 -5.170282 0.000000;
9875 -1030.928467 -2486.726807 0.000000 621.989746 -7.146144 0.000000;
9880 -1184.634521 -2335.191895 0.000000 624.355164 -9.407170 0.000000;
9885 -1333.586182 -2192.891113 0.000000 626.296265 -11.941830 0.000000;
9890 -1477.930298 -2059.261719 0.000000 627.840942 -14.738971 0.000000;
9895 -1617.809570 -1933.775513 0.000000 629.015198 -17.787807 0.000000;
9900 -1753.361938 -1815.936035 0.000000 629.843506 -21.077909 0.000000;
9905 -1884.721313 -1705.277466 0.000000 630.348999 -24.599186 0.000000;
9910 -2012.017456 -1601.362061 0.000000 630.553040 -28.341883 0.000000;
9915 -2135.375977 -1503.779053 0.000000 630.476074 -32.296566 0.000000;
9920 -2254.918457 -1412.142456 0.000000 630.136963 -36.454117 0.000000;
9925 -2370.763428 -1326.090088 0.000000 629.553589 -40.805710 0.000000;
9930 -2483.025146 -1245.281494 0.000000 628.742737 -45.342823 0.000000;
9935 -2591.813965 -1169.397095 0.000000 627.719971 -50.057213 0.000000;
9940 -2697.238037 -1098.136963 0.000000 626.500122 -54.940914 0.000000;
9945 -2799.400879 -1031.219238 0.000000 625.096985 -59.986217 0.000000;
9950 -2898.403320 -968.379333 0.000000 623.523499 -65.185684 0.000000;
9955 -2994.343750 -909.368713 0.000000 621.791809 -70.532112 0.000000;
9960 -3087.316162 -853.954041 0.000000 619.913330 -76.018555 0.000000;
9965 -3177.413086 -801.916199 0.000000 617.898804 -81.638290 0.000000;
9970 -3264.722900 -753.049438 0.000000 615.758301 -87.384819 0.000000;
9975 -3349.331787 -707.160461 0.000000 613.501160 -93.251869 0.000000;
9980 -3431.323730 -664.067871 0.000000 611.136108 -99.233383 0.000000;
9985 -3510.779297 -623.601257 0.000000 608.671692 -105.323502 0.000000;
9990 -3587.777344 -585.600525 0.000000 606.115417 -111.516571 0.000000;
