dataFiltered = [
24490 1162.060913 -773.018555 -0.000056 -0.000311 0.002562 0.000001;
24495 1162.180420 -773.056763 1.657587 -0.001493 0.012798 -0.014108;
24500 1162.352905 -773.118896 4.902920 -0.003673 0.033232 -0.070213;
24505 1162.566528 -773.211060 5.392138 -0.006663 0.063865 -0.167309;
24510 1162.806763 -773.342590 -0.818749 -0.010358 0.104806 -0.290285;
24515 1163.058960 -773.527771 -18.202629 -0.014703 0.156201 -0.438495;
24520 1163.310791 -773.782654 -50.601486 -0.019656 0.218165 -0.611301;
24525 1163.552002 -774.120667 -100.987335 -0.025188 0.290788 -0.808072;
24530 1163.771606 -774.546387 -172.236755 -0.031275 0.374133 -1.028180;
24535 1163.957031 -775.059631 -265.998108 -0.037906 0.468243 -1.285120;
24540 1164.095825 -775.662903 -384.834503 -0.045080 0.573137 -1.577946;
24545 1164.177124 -776.363220 -530.657288 -0.052795 0.688816 -1.877499;
24550 1164.188843 -777.168396 -706.190674 -0.061057 0.815268 -2.183533;
24555 1164.116089 -778.082520 -912.710876 -0.069945 0.952418 -2.524026;
24560 1163.945923 -779.106140 -1149.843506 -0.079667 1.100132 -2.898062;
24565 1163.669189 -780.237671 -1418.597168 -0.090484 1.258311 -3.276515;
24570 1163.277710 -781.471191 -1719.474854 -0.102654 1.426841 -3.659168;
24575 1162.756348 -782.794189 -2053.757812 -0.116466 1.605492 -4.074030;
24580 1162.082275 -784.188782 -2420.856689 -0.132207 1.793982 -4.520216;
24585 1161.232300 -785.638916 -2818.780273 -0.150144 1.992043 -4.968626;
24590 1160.185547 -787.131470 -3248.514893 -0.170486 2.199542 -5.419071;
24595 1158.918579 -788.647278 -3712.897705 -0.193323 2.416587 -5.885484;
24600 1157.400024 -790.154785 -4214.268066 -0.218685 2.643387 -6.353235;
24605 1155.595215 -791.615479 -4751.825195 -0.246559 2.880042 -6.808044;
24610 1153.477051 -792.997070 -5321.670898 -0.276860 3.126493 -7.264190;
24615 1151.027344 -794.274963 -5922.613281 -0.309481 3.382606 -7.735617;
24620 1148.225830 -795.419189 -6556.840332 -0.344424 3.648172 -8.221820;
24625 1145.041260 -796.385986 -7224.937988 -0.381865 3.922825 -8.722306;
24630 1141.437134 -797.125488 -7925.123535 -0.422057 4.206122 -9.236590;
24635 1137.384521 -797.595947 -8653.259766 -0.465146 4.497740 -9.764193;
24640 1132.862305 -797.771118 -9407.408203 -0.511108 4.797576 -10.304639;
24645 1127.847778 -797.635376 -10188.910156 -0.559843 5.105649 -10.871575;
24650 1122.308472 -797.178711 -10997.417969 -0.611258 5.421986 -11.450094;
24655 1115.958374 -796.483948 -12157.993164 -0.665565 5.746391 -12.138529;
24660 1108.280151 -795.730591 -13983.466797 -0.723300 6.078428 -13.089314;
24665 1099.038330 -795.024170 -16122.426758 -0.784732 6.417839 -14.197185;
24670 1088.264404 -794.391174 -18235.757812 -0.849855 6.764559 -15.316986;
24675 1075.993408 -793.859436 -20321.701172 -0.918670 7.118485 -16.433990;
24680 1062.262207 -793.456360 -22378.593750 -0.991191 7.479459 -17.562035;
24685 1047.108765 -793.207275 -24405.914062 -1.067432 7.847296 -18.615854;
24690 1030.572021 -793.132874 -26403.714844 -1.147373 8.221738 -19.498098;
24695 1012.691833 -793.250549 -28372.201172 -1.230943 8.602400 -20.297226;
24700 993.507874 -793.577026 -30311.337891 -1.318054 8.988860 -21.099627;
24705 973.059570 -794.131226 -32220.242188 -1.408657 9.380737 -21.904985;
24710 951.384583 -794.934021 -34098.093750 -1.502793 9.777675 -22.712990;
24715 928.519165 -796.005920 -35944.269531 -1.600527 10.179340 -23.523336;
24720 904.501526 -797.365662 -37758.156250 -1.701903 10.585423 -24.335726;
24725 879.373352 -799.028259 -39539.710938 -1.806863 10.995646 -25.163979;
24730 853.182129 -801.006226 -41289.148438 -1.915178 11.409769 -26.007471;
24735 825.979675 -803.310486 -43006.878906 -2.026555 11.827593 -26.837366;
24740 797.822327 -805.949951 -44693.484375 -2.140723 12.248930 -27.653732;
24745 768.769348 -808.931091 -46349.132812 -2.257440 12.673598 -28.470757;
24750 738.880249 -812.256897 -47973.699219 -2.376490 13.101432 -29.288181;
24755 708.213135 -815.925964 -49567.000000 -2.497723 13.532276 -30.119865;
24760 676.822388 -819.934631 -51129.207031 -2.621090 13.966002 -30.979334;
24765 644.760071 -824.281189 -52660.281250 -2.746583 14.402496 -31.865671;
24770 612.077454 -828.971375 -54159.957031 -2.874299 14.841651 -32.763870;
24775 578.825195 -834.015381 -55628.269531 -3.004534 15.283350 -33.645149;
24780 545.052917 -839.423279 -57064.925781 -3.137658 15.727479 -34.509647;
24785 510.810028 -845.200745 -58469.640625 -3.273995 16.173931 -35.371613;
24790 476.147827 -851.347961 -59842.027344 -3.413636 16.622641 -36.230846;
24795 441.119781 -857.861572 -61182.273438 -3.556286 17.073614 -37.115383;
24800 405.779388 -864.732666 -62491.117188 -3.701486 17.526894 -38.038471;
24805 370.177643 -871.949036 -63769.148438 -3.848858 17.982531 -38.956581;
24810 334.362305 -879.496277 -65016.843750 -3.998123 18.440634 -39.841343;
24815 298.378571 -887.359680 -66233.812500 -4.149056 18.901316 -40.679161;
24820 262.268768 -895.524536 -67419.351562 -4.301483 19.364635 -41.456779;
24825 226.074921 -903.975769 -68573.429688 -4.455309 19.830559 -42.203609;
24830 189.840500 -912.698730 -69697.062500 -4.610484 20.299009 -42.948380;
24835 153.609955 -921.676819 -70791.867188 -4.766951 20.769926 -43.690918;
24840 117.425606 -930.892517 -71859.421875 -4.924613 21.243246 -44.445156;
24845 81.323883 -940.328125 -72900.312500 -5.083357 21.718916 -45.210602;
24850 45.335865 -949.963745 -73914.500000 -5.243067 22.196880 -45.972637;
24855 9.488773 -959.779297 -74901.328125 -5.403719 22.677134 -46.731125;
24860 -26.192106 -969.754395 -75860.312500 -5.565452 23.159761 -47.485916;
24865 -61.682953 -979.870239 -76792.039062 -5.728466 23.644907 -48.250984;
24870 -96.961250 -990.109192 -77697.578125 -5.892932 24.132742 -49.025852;
24875 -132.004089 -1000.454163 -78578.289062 -6.059001 24.623428 -49.795948;
24880 -166.787064 -1010.890625 -79434.851562 -6.226812 25.117102 -50.561157;
24885 -201.285904 -1021.402954 -80267.398438 -6.396461 25.613907 -51.307247;
24890 -235.480713 -1031.972412 -81075.460938 -6.567977 26.114038 -52.034447;
24895 -269.359161 -1042.575562 -81858.164062 -6.741351 26.617697 -52.757095;
24900 -302.914917 -1053.187012 -82615.093750 -6.916619 27.125103 -53.460979;
24905 -336.143921 -1063.780762 -83346.781250 -7.093909 27.636555 -54.132214;
24910 -369.045013 -1074.329346 -84054.507812 -7.273391 28.152353 -54.757256;
24915 -401.621307 -1084.806763 -84738.804688 -7.455270 28.672729 -55.322899;
24920 -433.879364 -1095.192871 -85399.382812 -7.639815 29.197784 -55.858597;
24925 -465.827118 -1105.474609 -86035.695312 -7.827309 29.727566 -56.407227;
24930 -497.473541 -1115.644043 -86647.484375 -8.018006 30.262096 -56.982437;
24935 -528.830872 -1125.694702 -87235.945312 -8.212123 30.801413 -57.583420;
24940 -559.913330 -1135.617676 -87802.828125 -8.409827 31.345579 -58.195282;
24945 -590.735962 -1145.403076 -88349.031250 -8.611252 31.894669 -58.789352;
24950 -621.313721 -1155.043579 -88874.789062 -8.816509 32.448685 -59.337658;
24955 -651.662109 -1164.539551 -89380.039062 -9.025697 33.007530 -59.812885;
24960 -681.798157 -1173.896729 -89865.039062 -9.238888 33.571079 -60.216618;
24965 -711.739807 -1183.124634 -90329.843750 -9.456125 34.139244 -60.578644;
24970 -741.504944 -1192.235840 -90774.296875 -9.677413 34.711990 -60.913956;
24975 -771.110779 -1201.244263 -91198.757812 -9.902734 35.289288 -61.208961;
24980 -800.574402 -1210.163452 -91604.101562 -10.132057 35.871155 -61.464539;
24985 -829.915283 -1219.005493 -91991.710938 -10.365343 36.457714 -61.709755;
24990 -859.155762 -1227.781616 -92362.375000 -10.602539 37.049118 -61.944782;
24995 -888.319763 -1236.505981 -92715.789062 -10.843708 37.645538 -62.155682;
25000 -917.430359 -1245.195068 -93051.398438 -11.089125 38.247169 -62.342957;
25005 -946.509399 -1253.866089 -93369.289062 -11.339148 38.854202 -62.507107;
25010 -975.579468 -1262.535278 -93670.851562 -11.594090 39.466797 -62.662743;
25015 -1004.663574 -1271.218018 -93957.468750 -11.854224 40.085098 -62.824131;
