dataReal = [
99440 -4.479000 -2.513000 -101.383003 -0.139538 0.087845 1024.000000;
99445 -4.410000 -2.531000 -101.385002 -0.137233 0.082695 1026.000000;
99450 -4.349000 -2.542000 -101.377998 -0.136229 0.074857 1027.000000;
99455 -4.282000 -2.552000 -101.370003 -0.135503 0.067904 1029.000000;
99460 -4.210000 -2.561000 -101.374001 -0.135642 0.062712 1028.000000;
99465 -4.127000 -2.569000 -101.374001 -0.140306 0.055610 1030.000000;
99470 -4.026000 -2.575000 -101.374001 -0.144433 0.049522 1032.000000;
99475 -3.915000 -2.579000 -101.366997 -0.148014 0.044280 1034.000000;
99480 -3.792000 -2.582000 -101.353996 -0.151262 0.039926 1035.000000;
99490 -3.522000 -2.590000 -101.315002 -0.154859 0.027506 1039.000000;
99495 -3.377000 -2.595000 -101.309998 -0.156284 0.022635 1041.000000;
99500 -3.232000 -2.597000 -101.309998 -0.157547 0.019334 1043.000000;
99505 -3.091000 -2.597000 -101.322998 -0.158718 0.016793 1045.000000;
99510 -2.955000 -2.597000 -101.342003 -0.159701 0.014877 1047.000000;
99515 -2.827000 -2.594000 -101.345001 -0.161339 0.013121 1049.000000;
99520 -2.698000 -2.595000 -101.351997 -0.162849 0.011718 1051.000000;
99525 -2.562000 -2.598000 -101.352997 -0.164178 0.010693 1053.000000;
99530 -2.420000 -2.599000 -101.356003 -0.163976 0.005923 1055.000000;
99536 -2.273000 -2.602000 -101.362000 -0.163706 0.001765 1057.000000;
99542 -2.123000 -2.602000 -101.367996 -0.164064 -0.001337 1056.000000;
99547 -1.979000 -2.603000 -101.377998 -0.164197 -0.004246 1058.000000;
99550 -1.833000 -2.609000 -101.382004 -0.164306 -0.006578 1060.000000;
99555 -1.686000 -2.614000 -101.377998 -0.164369 -0.008271 1062.000000;
99561 -1.536000 -2.620000 -101.370003 -0.165281 -0.012681 1064.000000;
99565 -1.381000 -2.627000 -101.350998 -0.166118 -0.016304 1066.000000;
100668 -1.237000 -2.635000 -101.334999 -0.166834 -0.019353 1068.000000;
100673 -1.098000 -2.650000 -101.327003 -0.167403 -0.021919 1071.000000;
100678 -0.973000 -2.668000 -101.320999 -0.168506 -0.018591 1068.000000;
100683 -0.859000 -2.685000 -101.329002 -0.168181 -0.016058 1070.000000;
100688 -0.748000 -2.709000 -101.342003 -0.167787 -0.013630 1072.000000;
100693 -0.647000 -2.727000 -101.350998 -0.169198 -0.013992 1074.000000;
100698 -0.534000 -2.754000 -101.359001 -0.170449 -0.014188 1076.000000;
100703 -0.424000 -2.786000 -101.356003 -0.171553 -0.014235 1078.000000;
100708 -0.307000 -2.822000 -101.349998 -0.172393 -0.014097 1080.000000;
100713 -0.186000 -2.867000 -101.350998 -0.174321 -0.017042 1082.000000;
100718 -0.066000 -2.906000 -101.351997 -0.177020 -0.019550 1080.000000;
100723 0.059000 -2.952000 -101.375000 -0.178289 -0.021631 1082.000000;
100728 0.178000 -2.997000 -101.380997 -0.176569 -0.024913 1084.000000;
100733 0.300000 -3.043000 -101.379997 -0.174890 -0.027472 1086.000000;
100738 0.412000 -3.096000 -101.369003 -0.173279 -0.029436 1088.000000;
100743 0.518000 -3.142000 -101.334000 -0.171089 -0.031306 1090.000000;
100748 0.616000 -3.196000 -101.311996 -0.169002 -0.032814 1092.000000;
100753 0.703000 -3.249000 -101.282997 -0.167060 -0.034100 1094.000000;
100758 0.789000 -3.304000 -101.266998 -0.163352 -0.031119 1093.000000;
100763 0.871000 -3.362000 -101.265999 -0.159161 -0.028225 1095.000000;
100768 0.949000 -3.411000 -101.257004 -0.155253 -0.025447 1097.000000;
100773 1.022000 -3.459000 -101.259003 -0.152485 -0.024610 1099.000000;
100778 1.097000 -3.504000 -101.230003 -0.149872 -0.023731 1101.000000;
100783 1.176000 -3.550000 -101.211998 -0.147491 -0.022954 1103.000000;
100788 1.261000 -3.603000 -101.199997 -0.147645 -0.024064 1105.000000;
100793 1.347000 -3.655000 -101.199997 -0.147732 -0.024875 1107.000000;
100799 1.427000 -3.708000 -101.226997 -0.148869 -0.026052 1106.000000;
100803 1.502000 -3.756000 -101.251999 -0.148718 -0.026403 1108.000000;
100808 1.572000 -3.798000 -101.275002 -0.145698 -0.025478 1110.000000;
100813 1.634000 -3.838000 -101.280998 -0.142896 -0.024571 1112.000000;
100818 1.687000 -3.870000 -101.267998 -0.140290 -0.023488 1114.000000;
100823 1.725000 -3.899000 -101.249001 -0.136479 -0.023339 1116.000000;
100828 1.751000 -3.927000 -101.224998 -0.133049 -0.023035 1118.000000;
100834 1.768000 -3.958000 -101.224998 -0.129834 -0.022830 1120.000000;
100839 1.774000 -3.985000 -101.217003 -0.129776 -0.022521 1122.000000;
100843 1.786000 -4.011000 -101.206001 -0.129346 -0.022143 1124.000000;
100848 1.789000 -4.028000 -101.186996 -0.128936 -0.022035 1126.000000;
100854 1.793000 -4.039000 -101.148003 -0.123589 -0.023462 1128.000000;
100858 1.801000 -4.049000 -101.107002 -0.118808 -0.024838 1130.000000;
100864 1.803000 -4.057000 -101.067001 -0.114613 -0.026278 1132.000000;
100868 1.817000 -4.067000 -101.041000 -0.110772 -0.027412 1134.000000;
100874 1.825000 -4.072000 -101.033997 -0.111146 -0.030472 1136.000000;
100879 1.832000 -4.071000 -101.032997 -0.110708 -0.032729 1140.000000;
100884 1.840000 -4.065000 -101.041000 -0.110904 -0.034976 1143.000000;
100889 1.841000 -4.047000 -101.028000 -0.108648 -0.035280 1145.000000;
100894 1.847000 -4.031000 -101.013000 -0.106616 -0.035496 1147.000000;
100899 1.844000 -4.017000 -100.997002 -0.104790 -0.035724 1149.000000;
100904 1.834000 -3.999000 -100.984001 -0.103515 -0.035066 1152.000000;
100909 1.821000 -3.986000 -100.982002 -0.102318 -0.034596 1154.000000;
100914 1.804000 -3.967000 -100.987000 -0.101342 -0.034279 1156.000000;
100919 1.798000 -3.947000 -100.988998 -0.096966 -0.035345 1157.000000;
100924 1.797000 -3.927000 -100.983002 -0.092481 -0.036081 1159.000000;
100929 1.797000 -3.899000 -100.966003 -0.088584 -0.036659 1161.000000;
100934 1.805000 -3.875000 -100.930000 -0.085030 -0.037121 1163.000000;
100939 1.806000 -3.846000 -100.885002 -0.080700 -0.040067 1166.000000;
100944 1.815000 -3.821000 -100.836998 -0.076793 -0.042755 1168.000000;
100949 1.825000 -3.794000 -100.803001 -0.073372 -0.045125 1170.000000;
100954 1.833000 -3.758000 -100.777000 -0.070883 -0.045464 1172.000000;
100959 1.841000 -3.723000 -100.773003 -0.069268 -0.046045 1173.000000;
100964 1.837000 -3.677000 -100.769997 -0.067473 -0.046259 1175.000000;
100969 1.836000 -3.633000 -100.762001 -0.066479 -0.046638 1178.000000;
100974 1.825000 -3.589000 -100.761002 -0.065651 -0.047071 1180.000000;
100979 1.818000 -3.544000 -100.747002 -0.064996 -0.047451 1182.000000;
100984 1.816000 -3.505000 -100.737999 -0.067053 -0.047399 1184.000000;
100989 1.815000 -3.460000 -100.722000 -0.069061 -0.047392 1187.000000;
100994 1.829000 -3.419000 -100.709999 -0.070884 -0.047370 1189.000000;
100999 1.845000 -3.371000 -100.699997 -0.071823 -0.047017 1194.000000;
101004 1.868000 -3.323000 -100.675003 -0.071107 -0.045615 1196.000000;
101009 1.889000 -3.277000 -100.660004 -0.070522 -0.044340 1198.000000;
101014 1.900000 -3.229000 -100.626999 -0.070940 -0.042828 1201.000000;
101019 1.916000 -3.191000 -100.601997 -0.071364 -0.041352 1203.000000;
101024 1.924000 -3.150000 -100.584000 -0.071807 -0.040061 1205.000000;
101029 1.938000 -3.115000 -100.565002 -0.072185 -0.038725 1208.000000;
101034 1.943000 -3.080000 -100.552002 -0.072369 -0.036542 1210.000000;
101039 1.935000 -3.041000 -100.535004 -0.072406 -0.034378 1213.000000;
101044 1.925000 -3.002000 -100.521004 -0.072610 -0.032570 1215.000000;
101049 1.899000 -2.954000 -100.503998 -0.070683 -0.030317 1217.000000;
101054 1.877000 -2.907000 -100.484001 -0.068963 -0.028459 1220.000000;
101059 1.854000 -2.863000 -100.470001 -0.067549 -0.027139 1222.000000;
101064 1.838000 -2.818000 -100.445000 -0.066425 -0.026053 1225.000000;
101069 1.833000 -2.788000 -100.432999 -0.067352 -0.028264 1227.000000;
101085 1.802000 -2.688000 -100.376999 -0.068415 -0.032749 1233.000000;
101090 1.783000 -2.652000 -100.351997 -0.068333 -0.033762 1235.000000;
101095 1.762000 -2.619000 -100.336998 -0.068277 -0.034765 1237.000000;
101100 1.734000 -2.579000 -100.309998 -0.065761 -0.034006 1240.000000;
101105 1.707000 -2.545000 -100.296997 -0.063477 -0.033341 1242.000000;
101109 1.669000 -2.503000 -100.277000 -0.061640 -0.032785 1245.000000;
