dataFiltered = [
12450 2494.130615 1371.032959 0.000001 -0.002734 -0.001882 0.000000;
12455 2494.391846 1371.093262 0.436287 -0.013594 -0.009380 0.014112;
12460 2494.787354 1371.167725 1.726698 -0.035098 -0.024280 0.084333;
12465 2495.309570 1371.239258 3.529401 -0.066967 -0.046399 0.251653;
12470 2495.933594 1371.284546 5.036304 -0.108910 -0.075435 0.513730;
12475 2496.622803 1371.271973 5.647532 -0.160643 -0.111057 0.854138;
12480 2497.335693 1371.162476 5.748549 -0.221899 -0.152982 1.285038;
12485 2498.033203 1370.911011 5.665740 -0.292519 -0.200933 1.818276;
12490 2498.684570 1370.474976 5.624907 -0.372567 -0.254600 2.437168;
12495 2499.270020 1369.812256 5.798821 -0.462187 -0.313674 3.125395;
12500 2499.778076 1368.876587 6.047603 -0.561446 -0.378060 3.895225;
12505 2500.202881 1367.615967 6.978696 -0.670306 -0.448032 4.744502;
12510 2500.540527 1365.969116 8.868504 -0.788665 -0.524011 5.656985;
12515 2500.784424 1363.869507 11.893852 -0.916401 -0.606363 6.630908;
12520 2500.927979 1361.250488 16.005093 -1.053357 -0.695410 7.664528;
12525 2500.967529 1358.054932 20.499298 -1.199369 -0.791425 8.770238;
12530 2500.906738 1354.233154 25.269346 -1.354274 -0.894653 9.946005;
12535 2500.757324 1349.734741 30.212328 -1.517892 -1.005353 11.175710;
12540 2500.536133 1344.509888 35.360256 -1.690034 -1.123768 12.471824;
12545 2500.266357 1338.506714 40.874538 -1.870499 -1.250096 13.846502;
12550 2499.976807 1331.681519 46.604202 -2.059290 -1.384492 15.283369;
12555 2499.705322 1324.001099 52.666069 -2.256800 -1.527058 16.766415;
12560 2499.493652 1315.435547 59.346359 -2.463563 -1.677862 18.308212;
12565 2499.385010 1305.953735 66.788033 -2.679968 -1.837014 19.906916;
12570 2499.422119 1295.515869 75.171082 -2.906188 -2.004723 21.532475;
12575 2499.643311 1284.083862 84.056412 -3.142279 -2.181217 23.183767;
12580 2500.085693 1271.625977 93.022652 -3.388248 -2.366599 24.873804;
12585 2500.782471 1258.114868 102.538254 -3.644034 -2.560789 26.601164;
12590 2501.765137 1243.526611 112.921021 -3.909537 -2.763627 28.378557;
12595 2503.063721 1227.833618 125.129234 -4.184464 -2.974703 30.204271;
12600 2504.710938 1211.012207 139.512787 -4.468177 -3.193127 32.062508;
12605 2506.744873 1193.046509 155.532639 -4.759894 -3.417844 33.966053;
12610 2509.206299 1173.928223 172.495956 -5.058867 -3.647986 35.927376;
12615 2511.914795 1153.898682 230.835373 -5.361059 -3.879708 39.807262;
12620 2514.451660 1133.450562 370.495972 -5.659329 -4.106166 47.407993;
12625 2516.572510 1112.897583 547.901245 -5.950462 -4.323884 56.861305;
12630 2518.222656 1092.361450 720.889526 -6.235006 -4.532600 66.356697;
12635 2519.373779 1071.916870 888.091370 -6.513326 -4.732081 75.720978;
12640 2520.023682 1051.595825 1048.461060 -6.785564 -4.922169 84.799217;
12645 2520.169922 1031.429932 1202.136353 -7.051861 -5.102782 93.665985;
12650 2519.813232 1011.447998 1348.819214 -7.312339 -5.273963 102.380074;
12655 2518.955322 991.675720 1488.055664 -7.567114 -5.435818 110.956581;
12660 2517.596924 972.136108 1619.373535 -7.816329 -5.588435 119.396172;
12665 2515.738525 952.847046 1743.854126 -8.060177 -5.731872 127.685440;
12670 2513.379150 933.821899 1862.714844 -8.298866 -5.866180 135.825455;
12675 2510.518311 915.069580 1976.997070 -8.532581 -5.991411 143.760849;
12680 2507.154297 896.596741 2086.568848 -8.761479 -6.107599 151.437607;
12685 2503.284424 878.411621 2190.828125 -8.985704 -6.214777 158.916000;
12690 2498.907227 860.521667 2290.249268 -9.205382 -6.312980 166.254898;
12695 2494.022461 842.930847 2385.291992 -9.420577 -6.402241 173.455383;
12700 2488.633301 825.637939 2477.011230 -9.631256 -6.482572 180.518585;
12705 2482.746094 808.639465 2564.981689 -9.837343 -6.553981 187.445602;
12710 2476.364502 791.934326 2648.013916 -10.038707 -6.616390 194.237579;
12715 2469.489014 775.524414 2725.233643 -10.235077 -6.669551 200.867447;
12720 2462.116211 759.414612 2796.244385 -10.426146 -6.713166 207.308807;
12725 2454.242188 743.606506 2861.718750 -10.611778 -6.747038 213.578308;
12730 2445.863525 728.100586 2921.564453 -10.792128 -6.771115 219.706345;
12735 2436.975098 712.896545 2975.872803 -10.967474 -6.785419 225.708511;
12740 2427.567627 697.990234 3024.736328 -11.138033 -6.790019 231.585999;
12745 2417.628174 683.377747 3068.598145 -11.303925 -6.785058 237.339966;
12750 2407.143799 669.057495 3108.846191 -11.465223 -6.770714 242.971603;
12755 2396.105469 655.032715 3146.641113 -11.621984 -6.747230 248.439774;
12760 2384.510498 641.308044 3182.878662 -11.774227 -6.714971 253.690247;
12765 2372.358643 627.887085 3217.547363 -11.921953 -6.674342 258.754822;
12770 2359.647217 614.772156 3250.157227 -12.065174 -6.625718 263.692810;
12775 2346.372803 601.964966 3280.283691 -12.203933 -6.569328 268.519775;
12780 2332.532227 589.468140 3307.609863 -12.338331 -6.505161 273.222870;
12785 2318.123047 577.281677 3331.833740 -12.468501 -6.433105 277.803528;
12790 2303.142334 565.397461 3352.669434 -12.594577 -6.353093 282.291565;
12795 2287.585205 553.801514 3369.801758 -12.716686 -6.265114 286.659546;
12800 2271.447998 542.480713 3383.586426 -12.834937 -6.169190 290.866638;
12805 2254.727539 531.427368 3395.021729 -12.949327 -6.065385 294.943665;
12810 2237.425537 520.639404 3404.674316 -13.059674 -5.953825 298.906525;
12815 2219.543701 510.114197 3413.045410 -13.165722 -5.834672 302.742645;
12820 2201.083496 499.847900 3419.831543 -13.267257 -5.708088 306.467987;
12825 2182.045654 489.837921 3425.309814 -13.364143 -5.574236 310.098114;
12830 2162.431396 480.083618 3430.184082 -13.456357 -5.433279 313.620087;
12835 2142.242188 470.587036 3434.213135 -13.543931 -5.285385 317.007202;
12840 2121.480713 461.352448 3437.428223 -13.626928 -5.130718 320.247528;
12845 2100.152344 452.383453 3439.292969 -13.705428 -4.969438 323.357635;
12850 2078.264160 443.680511 3439.555908 -13.779500 -4.801694 326.367920;
12855 2055.824951 435.244019 3438.064697 -13.849233 -4.627604 329.293915;
12860 2032.841919 427.076355 3434.326416 -13.914759 -4.447223 332.122620;
12865 2009.322388 419.182159 3428.349609 -13.976226 -4.260581 334.855499;
12870 1985.275024 411.569275 3420.057617 -14.033796 -4.067676 337.508087;
12875 1960.708862 404.247742 3410.077148 -14.087669 -3.868436 340.109711;
12880 1935.633057 397.224457 3399.228516 -14.138054 -3.662773 342.688995;
12885 1910.055420 390.498840 3387.775635 -14.185132 -3.450619 345.217529;
12890 1883.981567 384.064941 3375.273682 -14.229153 -3.231905 347.667480;
12895 1857.415039 377.913055 3361.253662 -14.270514 -3.006551 350.025879;
12900 1830.359741 372.032043 3345.878418 -14.309538 -2.774524 352.294220;
12905 1802.821533 366.411194 3330.090088 -14.346252 -2.535907 354.487976;
12910 1774.808350 361.039978 3314.879639 -14.380558 -2.290832 356.608307;
12915 1746.330688 355.909790 3300.019043 -14.412369 -2.039427 358.599823;
12920 1717.398682 351.013824 3284.939697 -14.441613 -1.781785 360.394409;
12925 1688.020386 346.345978 3268.443115 -14.468245 -1.517961 362.052673;
12930 1658.202637 341.899353 3250.253418 -14.492231 -1.247998 363.647858;
12935 1627.953003 337.664520 3230.762207 -14.513621 -0.971976 365.166840;
12940 1597.280029 333.629486 3209.561035 -14.532593 -0.690037 366.596863;
12945 1566.192017 329.783752 3186.259766 -14.549379 -0.402340 367.953735;
12950 1534.697998 326.119415 3160.267822 -14.564193 -0.109035 369.252899;
12955 1502.808350 322.630310 3132.068848 -14.577200 0.189739 370.452942;
12960 1470.537720 319.314880 3102.390381 -14.588492 0.493849 371.527649;
12965 1437.905396 316.176971 3071.930664 -14.598257 0.803161 372.521973;
12970 1404.932617 313.217987 3041.665771 -14.606923 1.117538 373.465759;
12975 1371.637817 310.428558 3012.094727 -14.614997 1.436844 374.359863;
12980 1338.034302 307.790283 2983.607910 -14.622925 1.760949 375.205292;
12985 1304.131104 305.281067 2956.186523 -14.631116 2.089815 375.988708;
12990 1269.938354 302.880432 2929.505615 -14.639949 2.423580 376.683197;
