dataFiltered = [
11810 -5053.264648 1532.036621 -0.000006 -0.000594 0.001044 0.000000;
11815 -5053.779785 1532.112549 -0.567195 -0.002973 0.005166 0.028225;
11820 -5054.519531 1532.236938 -1.459451 -0.007715 0.013232 0.126337;
11825 -5055.453125 1532.421265 -2.139055 -0.014766 0.024994 0.292656;
11830 -5056.545898 1532.673950 -3.573948 -0.024056 0.040217 0.525522;
11835 -5057.758789 1532.998901 -5.818960 -0.035525 0.058695 0.837404;
11840 -5059.055176 1533.397705 -8.969462 -0.049158 0.080231 1.212234;
11845 -5060.401367 1533.869385 -13.028799 -0.065034 0.104618 1.648414;
11850 -5061.767578 1534.410156 -17.694057 -0.083214 0.131700 2.158478;
11855 -5063.124023 1535.014893 -23.503124 -0.103638 0.161425 2.740530;
11860 -5064.439941 1535.681030 -30.752615 -0.126203 0.193785 3.406806;
11865 -5065.681641 1536.409058 -39.725479 -0.150822 0.228777 4.169231;
11870 -5066.604980 1537.090210 -52.785751 -0.177785 0.266531 5.406321;
11875 -5066.769043 1537.506348 -72.021355 -0.207788 0.307296 7.459312;
11880 -5065.970215 1537.547607 -94.149765 -0.241198 0.351151 9.884964;
11885 -5064.230957 1537.208496 -116.152084 -0.278016 0.398040 12.222183;
11890 -5061.565918 1536.443848 -136.443161 -0.318434 0.447775 14.486463;
11895 -5057.982422 1535.171387 -153.766617 -0.362947 0.500029 16.763523;
11900 -5053.482422 1533.286865 -170.367096 -0.412022 0.554275 19.010036;
11905 -5048.022949 1530.548584 -187.001160 -0.465986 0.609238 21.324837;
11910 -5041.534180 1526.665894 -200.336777 -0.525052 0.663410 23.846741;
11915 -5034.001953 1521.535156 -209.494781 -0.589211 0.716117 26.485424;
11920 -5025.447266 1515.175415 -216.864456 -0.658370 0.767244 29.166786;
11925 -5015.817871 1507.521606 -222.382111 -0.732234 0.816674 32.058350;
11930 -5004.985840 1498.433472 -225.115799 -0.810235 0.864317 35.323643;
11935 -4992.904297 1487.872437 -225.352554 -0.892019 0.910234 38.755287;
11940 -4979.600098 1475.892090 -223.936966 -0.977480 0.954573 42.164879;
11945 -4965.049805 1462.553101 -222.639999 -1.066208 0.997602 45.834145;
11950 -4949.055664 1447.813599 -218.316711 -1.157722 1.039146 51.689159;
11955 -4931.347168 1431.517456 -206.602524 -1.252070 1.078291 61.073711;
11960 -4911.845703 1413.618530 -192.001343 -1.349388 1.114498 71.954201;
11965 -4890.605957 1394.185425 -179.488174 -1.449599 1.147762 82.612762;
11970 -4867.591797 1373.232300 -170.733154 -1.552074 1.178526 93.291344;
11975 -4842.676758 1350.719238 -166.723267 -1.655588 1.207715 104.212067;
11980 -4815.823242 1326.666504 -164.779449 -1.759396 1.235901 115.111916;
11985 -4787.083008 1301.152954 -162.593140 -1.863289 1.263252 125.762329;
11990 -4756.452637 1274.265381 -163.012100 -1.966764 1.289914 135.954315;
11995 -4723.878418 1246.100952 -168.589569 -2.069071 1.315961 145.455750;
12000 -4689.377441 1216.751099 -176.882553 -2.169895 1.341362 154.449402;
12005 -4653.028320 1186.299927 -185.371887 -2.269209 1.365977 163.142136;
12010 -4614.852051 1154.967773 -200.891479 -2.366342 1.389228 171.764206;
12015 -4574.806641 1123.108765 -231.120544 -2.460102 1.410277 180.526413;
12020 -4532.903320 1090.931519 -269.185852 -2.549885 1.428806 189.239349;
12025 -4489.205566 1058.499512 -307.836273 -2.635729 1.444891 197.703995;
12030 -4443.764648 1025.889893 -347.187347 -2.717739 1.458669 205.923691;
12035 -4396.622070 993.196350 -387.480103 -2.795974 1.470372 213.915833;
12040 -4347.829102 960.494812 -428.115936 -2.870472 1.480172 221.669312;
12045 -4297.447266 927.839905 -467.953430 -2.941301 1.488127 229.173325;
12050 -4245.536133 895.280640 -507.600494 -3.008554 1.494266 236.431473;
12055 -4192.156250 862.864746 -547.029175 -3.072325 1.498616 243.447418;
12060 -4137.365723 830.641602 -585.558716 -3.132640 1.501229 250.238861;
12065 -4081.223877 798.662903 -622.842468 -3.189396 1.502203 256.823181;
12070 -4023.790283 766.978516 -657.895081 -3.242440 1.501651 263.189178;
12075 -3965.123291 735.632629 -691.038757 -3.291682 1.499704 269.340057;
12080 -3905.279297 704.662354 -722.060852 -3.337121 1.496546 275.307343;
12085 -3844.314209 674.100647 -751.195496 -3.378798 1.492376 281.093506;
12090 -3782.277100 643.989868 -780.632202 -3.416715 1.487369 286.672913;
12095 -3719.215332 614.381165 -810.550171 -3.450794 1.481635 292.034668;
12100 -3655.170654 585.338928 -840.728088 -3.480995 1.475388 297.238678;
12105 -3590.180908 556.942017 -871.738831 -3.507344 1.469030 302.343597;
12110 -3524.298584 529.249390 -902.473083 -3.529741 1.462877 307.293793;
12115 -3457.589600 502.293121 -932.129211 -3.547981 1.457113 312.035004;
12120 -3390.118164 476.088501 -960.855896 -3.561934 1.451873 316.570679;
12125 -3321.946533 450.642944 -987.618652 -3.571634 1.447255 320.904327;
12130 -3253.147461 425.988525 -1011.601929 -3.577140 1.443490 325.124084;
12135 -3183.798584 402.174347 -1033.815063 -3.578343 1.440897 329.316071;
12140 -3113.966797 379.218048 -1054.485718 -3.575197 1.439650 333.395020;
12145 -3043.717041 357.121185 -1073.135376 -3.567773 1.439887 337.277649;
12150 -2973.123535 335.899292 -1090.397949 -3.556091 1.441808 340.981598;
12155 -2902.262207 315.575714 -1107.362305 -3.540107 1.445601 344.749878;
12160 -2831.220703 296.185211 -1126.032227 -3.519830 1.451430 348.805573;
12165 -2760.088623 277.761230 -1147.716675 -3.495406 1.459346 352.929047;
12170 -2688.939453 260.317078 -1170.657349 -3.467008 1.469291 356.905792;
12175 -2617.833252 243.852737 -1194.389404 -3.434763 1.481181 360.723938;
12180 -2546.826660 228.365845 -1223.177490 -3.398794 1.494937 364.414337;
12185 -2475.969238 213.856064 -1262.633057 -3.359272 1.510530 368.035309;
12190 -2405.302246 200.328308 -1318.213623 -3.316475 1.528007 371.559204;
12195 -2334.861084 187.792816 -1393.740234 -3.270689 1.547421 374.930786;
12200 -2264.673828 176.263641 -1490.807861 -3.222138 1.568761 378.138580;
12205 -2194.761230 165.757126 -1610.708374 -3.171007 1.591987 381.199524;
12210 -2125.138428 156.288956 -1754.877441 -3.117624 1.617086 384.130371;
12215 -2055.813721 147.876892 -1925.847778 -3.062593 1.644097 386.919098;
12220 -1986.792847 140.541641 -2125.892334 -3.006626 1.673085 389.751770;
12225 -1918.077759 134.303268 -2356.379150 -2.950383 1.704121 392.824005;
12230 -1849.663940 129.180573 -2618.329834 -2.894457 1.737249 395.931671;
12235 -1781.540649 125.192505 -2912.521484 -2.839377 1.772503 398.889526;
12240 -1713.692139 122.369186 -3240.892090 -2.785616 1.809924 401.714386;
12245 -1646.098999 120.754616 -3605.791748 -2.733593 1.849553 404.394379;
12250 -1578.735718 120.394821 -4008.393799 -2.683690 1.891413 406.918060;
12255 -1511.568481 121.328430 -4448.479492 -2.636223 1.935593 409.302399;
12260 -1444.557983 123.583038 -4925.283203 -2.591338 1.982332 411.535950;
12265 -1377.668823 127.182648 -5438.473633 -2.548970 2.031924 413.593323;
12270 -1310.871948 132.156006 -5988.311035 -2.509121 2.084705 415.492188;
12275 -1244.145508 138.525269 -6573.484375 -2.472099 2.141119 417.235687;
12280 -1177.470215 146.295151 -7191.790527 -2.438348 2.201615 418.826965;
12285 -1110.829102 155.454620 -7841.827637 -2.408288 2.266594 420.297394;
12290 -1044.214722 165.981903 -8522.573242 -2.382279 2.336531 421.649323;
12295 -977.629272 177.852524 -9234.196289 -2.360624 2.412063 422.871124;
12300 -911.083740 191.030182 -9974.694336 -2.343586 2.493841 423.951294;
12305 -844.597351 205.460419 -10741.291016 -2.331380 2.582412 424.864685;
12310 -778.196899 221.080322 -11533.309570 -2.324154 2.678253 425.614929;
12315 -711.921875 237.822556 -12350.079102 -2.321992 2.781797 426.233887;
12320 -645.821228 255.616699 -13192.634766 -2.324945 2.893418 426.738586;
12325 -579.946106 274.380035 -14060.459961 -2.333045 3.013555 427.131592;
12330 -514.351257 294.013275 -14951.819336 -2.346315 3.142811 427.415405;
12335 -449.099030 314.409698 -15866.421875 -2.364752 3.281835 427.592529;
12340 -384.264221 335.462189 -16803.312500 -2.388301 3.431210 427.750061;
12345 -319.932983 357.060333 -17762.386719 -2.416884 3.591457 427.973114;
12350 -256.195343 379.087494 -18742.822266 -2.450410 3.763008 428.175415;
