dataReal = [
400877 2.494000 1.371000 -7.289000 -0.132898 -0.138228 1227.000000;
400881 2.526000 1.351000 -7.279000 -0.130966 -0.137275 1228.000000;
400887 2.519000 1.332000 -7.279000 -0.129451 -0.136617 1230.000000;
400892 2.479000 1.310000 -7.276000 -0.127480 -0.130987 1232.000000;
400896 2.420000 1.260000 -7.287000 -0.125444 -0.126389 1233.000000;
400902 2.340000 1.223000 -7.287000 -0.124102 -0.122377 1235.000000;
400907 2.275000 1.147000 -7.287000 -0.122047 -0.119346 1237.000000;
400912 2.212000 1.097000 -7.291000 -0.126032 -0.114113 1239.000000;
400917 2.177000 1.038000 -7.282000 -0.129288 -0.109608 1240.000000;
400922 2.158000 0.964000 -7.291000 -0.131992 -0.105697 1242.000000;
400927 2.137000 0.899000 -7.280000 -0.132874 -0.115444 1244.000000;
400932 2.137000 0.794000 -7.277000 -0.132948 -0.124355 1245.000000;
400937 2.110000 0.703000 -7.271000 -0.133408 -0.132161 1247.000000;
400942 2.098000 0.586000 -7.258000 -0.132774 -0.139509 1248.000000;
400947 2.079000 0.490000 -7.262000 -0.132366 -0.145859 1250.000000;
400952 2.080000 0.410000 -7.254000 -0.132119 -0.151180 1252.000000;
400957 2.099000 0.301000 -7.255000 -0.131254 -0.158034 1253.000000;
400962 2.120000 0.217000 -7.252000 -0.130686 -0.163918 1255.000000;
400967 2.162000 0.102000 -7.247000 -0.129546 -0.169205 1257.000000;
400972 2.203000 0.003000 -7.246000 -0.128616 -0.173813 1259.000000;
400977 2.278000 -0.072000 -7.242000 -0.137662 -0.177091 1260.000000;
400982 2.352000 -0.171000 -7.237000 -0.145499 -0.180201 1262.000000;
400987 2.436000 -0.240000 -7.230000 -0.153002 -0.182552 1264.000000;
400992 2.522000 -0.360000 -7.224000 -0.155612 -0.189646 1265.000000;
400997 2.596000 -0.460000 -7.213000 -0.158145 -0.195514 1266.000000;
401002 2.679000 -0.552000 -7.220000 -0.160263 -0.200611 1268.000000;
401007 2.749000 -0.660000 -7.205000 -0.160885 -0.199531 1269.000000;
401012 2.825000 -0.734000 -7.205000 -0.161643 -0.198319 1271.000000;
401017 2.892000 -0.851000 -7.189000 -0.161809 -0.197490 1273.000000;
401022 2.970000 -0.944000 -7.167000 -0.153609 -0.177669 1274.000000;
401027 3.066000 -1.033000 -7.163000 -0.145690 -0.160072 1276.000000;
401032 3.160000 -1.125000 -7.139000 -0.138402 -0.144007 1278.000000;
401037 3.272000 -1.184000 -7.151000 -0.130630 -0.135697 1280.000000;
401399 1.758000 -0.103000 -6.183000 0.037114 0.108883 1414.000000;
401403 1.713000 -0.070000 -6.183000 0.037717 0.111711 1415.000000;
401438 1.512000 0.146000 -6.146000 0.026353 0.120026 1424.000000;
401443 1.473000 0.170000 -6.142000 0.025139 0.125404 1425.000000;
401449 1.442000 0.193000 -6.141000 0.024140 0.129574 1422.000000;
401454 1.407000 0.217000 -6.127000 0.023088 0.133797 1424.000000;
401459 1.379000 0.244000 -6.136000 0.022205 0.133535 1425.000000;
401464 1.352000 0.259000 -6.122000 0.021580 0.133154 1427.000000;
401469 1.324000 0.284000 -6.145000 0.020726 0.133026 1429.000000;
401474 1.293000 0.295000 -6.132000 0.018636 0.133704 1430.000000;
401479 1.258000 0.305000 -6.134000 0.016689 0.134540 1432.000000;
401484 1.228000 0.312000 -6.118000 0.014955 0.134921 1433.000000;
401489 1.191000 0.309000 -6.102000 0.013688 0.136091 1431.000000;
401494 1.152000 0.321000 -6.109000 0.012348 0.137119 1432.000000;
401499 1.117000 0.323000 -6.086000 0.011449 0.138066 1434.000000;
401504 1.078000 0.328000 -6.092000 0.010492 0.138898 1435.000000;
401509 1.052000 0.324000 -6.062000 0.012076 0.140440 1437.000000;
401514 1.030000 0.311000 -6.053000 0.013494 0.142062 1438.000000;
401519 1.002000 0.315000 -6.049000 0.014583 0.143229 1440.000000;
401524 0.969000 0.306000 -6.043000 0.019556 0.151535 1441.000000;
401529 0.923000 0.322000 -6.059000 0.023698 0.158563 1441.000000;
401534 0.881000 0.316000 -6.046000 0.027730 0.165006 1442.000000;
401539 0.838000 0.316000 -6.058000 0.024667 0.166647 1443.000000;
401544 0.793000 0.322000 -6.055000 0.021906 0.168044 1445.000000;
401549 0.739000 0.307000 -6.059000 0.019460 0.169342 1446.000000;
401554 0.671000 0.311000 -6.066000 0.019031 0.167762 1448.000000;
402656 0.607000 0.299000 -6.054000 0.018784 0.166449 1449.000000;
402661 0.546000 0.312000 -6.049000 0.018356 0.164976 1451.000000;
402666 0.500000 0.315000 -6.025000 0.018964 0.158653 1449.000000;
402671 0.461000 0.322000 -6.013000 0.019444 0.152996 1450.000000;
402676 0.408000 0.327000 -5.997000 0.019954 0.147686 1451.000000;
402681 0.358000 0.329000 -5.989000 0.020177 0.143104 1453.000000;
402686 0.304000 0.337000 -5.980000 0.019298 0.146999 1454.000000;
402691 0.257000 0.342000 -5.974000 0.018140 0.150747 1455.000000;
402696 0.204000 0.336000 -5.972000 0.017050 0.153807 1457.000000;
402701 0.145000 0.317000 -5.968000 0.015972 0.155203 1459.000000;
402706 0.093000 0.306000 -5.974000 0.015087 0.156488 1458.000000;
402711 0.031000 0.294000 -5.957000 0.014642 0.157355 1460.000000;
402717 -0.009000 0.302000 -5.956000 0.018445 0.156217 1461.000000;
402721 -0.058000 0.297000 -5.935000 0.022184 0.154673 1462.000000;
402726 -0.107000 0.296000 -5.928000 0.025298 0.153392 1463.000000;
402731 -0.154000 0.295000 -5.921000 0.028001 0.151968 1465.000000;
402736 -0.208000 0.296000 -5.895000 0.028424 0.150353 1466.000000;
402741 -0.254000 0.303000 -5.892000 0.028703 0.148957 1467.000000;
402747 -0.306000 0.310000 -5.868000 0.028543 0.147168 1467.000000;
402752 -0.346000 0.323000 -5.863000 0.028053 0.145880 1468.000000;
402756 -0.387000 0.323000 -5.854000 0.027917 0.144418 1469.000000;
402761 -0.424000 0.329000 -5.841000 0.027730 0.143254 1471.000000;
402766 -0.463000 0.337000 -5.845000 0.026396 0.144143 1472.000000;
402771 -0.507000 0.346000 -5.832000 0.025244 0.144958 1473.000000;
402776 -0.540000 0.363000 -5.838000 0.024038 0.145723 1475.000000;
402781 -0.581000 0.381000 -5.827000 0.021993 0.149134 1476.000000;
402787 -0.613000 0.402000 -5.819000 0.019790 0.152288 1480.000000;
402792 -0.655000 0.404000 -5.805000 0.018172 0.154806 1481.000000;
402797 -0.695000 0.407000 -5.795000 0.016703 0.157318 1483.000000;
402802 -0.744000 0.402000 -5.794000 0.011059 0.160531 1484.000000;
402807 -0.794000 0.394000 -5.783000 0.006072 0.163524 1485.000000;
402812 -0.831000 0.392000 -5.781000 0.007664 0.162593 1487.000000;
402817 -0.878000 0.382000 -5.751000 0.009300 0.161519 1488.000000;
402822 -0.905000 0.382000 -5.746000 0.010600 0.160745 1490.000000;
402827 -0.944000 0.378000 -5.724000 0.011949 0.160053 1487.000000;
402832 -0.980000 0.380000 -5.724000 0.012786 0.161068 1488.000000;
402837 -1.023000 0.377000 -5.725000 0.013550 0.161596 1490.000000;
402842 -1.064000 0.374000 -5.710000 0.014188 0.162140 1491.000000;
402847 -1.098000 0.363000 -5.719000 0.011449 0.160347 1492.000000;
402852 -1.140000 0.355000 -5.707000 0.009071 0.158838 1493.000000;
402857 -1.173000 0.354000 -5.724000 0.006747 0.157492 1495.000000;
402862 -1.212000 0.348000 -5.720000 0.004672 0.156292 1496.000000;
402867 -1.237000 0.352000 -5.721000 0.004236 0.155261 1495.000000;
402872 -1.252000 0.363000 -5.719000 0.003812 0.154149 1497.000000;
402877 -1.264000 0.377000 -5.704000 -0.002984 0.152916 1498.000000;
402882 -1.278000 0.367000 -5.697000 -0.008900 0.151572 1500.000000;
402887 -1.304000 0.351000 -5.676000 -0.014260 0.150643 1501.000000;
402892 -1.340000 0.326000 -5.666000 -0.019032 0.149375 1503.000000;
402897 -1.371000 0.304000 -5.648000 -0.023884 0.155044 1503.000000;
402902 -1.395000 0.289000 -5.642000 -0.028029 0.159956 1504.000000;
402907 -1.415000 0.258000 -5.630000 -0.031645 0.164351 1505.000000;
402912 -1.435000 0.214000 -5.627000 -0.028124 0.161333 1506.000000;
402917 -1.450000 0.157000 -5.621000 -0.024709 0.158337 1507.000000;
402922 -1.463000 0.118000 -5.619000 -0.021909 0.155997 1508.000000;
402927 -1.473000 0.093000 -5.623000 -0.008821 0.153218 1510.000000;
402932 -1.478000 0.073000 -5.610000 0.002791 0.151004 1511.000000;
402937 -1.484000 0.048000 -5.610000 0.013445 0.148843 1513.000000;
402942 -1.498000 0.011000 -5.588000 0.009910 0.149212 1515.000000;
402947 -1.506000 -0.011000 -5.580000 0.006580 0.149879 1515.000000;
