dataReal = [
984205 -5.053000 1.532000 -8.502000 -0.028877 0.076677 1030.000000;
984210 -5.012000 1.551000 -8.515000 -0.029380 0.073425 1032.000000;
984215 -4.972000 1.566000 -8.497000 -0.028757 0.069228 1033.000000;
984220 -4.922000 1.583000 -8.516000 -0.028311 0.065774 1034.000000;
984225 -4.859000 1.587000 -8.514000 -0.027947 0.062485 1036.000000;
984230 -4.803000 1.595000 -8.519000 -0.027547 0.060024 1037.000000;
984235 -4.742000 1.598000 -8.534000 -0.029467 0.056346 1038.000000;
984240 -4.700000 1.596000 -8.523000 -0.031242 0.053417 1040.000000;
984245 -4.646000 1.594000 -8.548000 -0.030142 0.053821 1041.000000;
984250 -4.592000 1.591000 -8.540000 -0.029214 0.054188 1043.000000;
984255 -4.529000 1.601000 -8.570000 -0.028643 0.054715 1045.000000;
984260 -4.467000 1.601000 -8.565000 -0.027855 0.055105 1047.000000;
984441 -2.873000 1.078000 -8.648000 -0.045538 0.065571 1076.000000;
984446 -2.852000 1.059000 -8.642000 -0.046319 0.064734 1076.000000;
984451 -2.834000 1.036000 -8.657000 -0.046939 0.064319 1077.000000;
984456 -2.820000 1.002000 -8.653000 -0.047192 0.064282 1073.000000;
984491 -2.744000 0.797000 -8.630000 -0.057686 0.053558 1079.000000;
984496 -2.731000 0.757000 -8.634000 -0.062966 0.053382 1076.000000;
984536 -2.614000 0.431000 -8.652000 -0.067251 0.027905 1078.000000;
985704 -2.311000 -0.176000 -8.632000 -0.072337 -0.012842 1086.000000;
985709 -2.287000 -0.225000 -8.598000 -0.071569 -0.015936 1087.000000;
985714 -2.255000 -0.262000 -8.607000 -0.070912 -0.018668 1090.000000;
985719 -2.228000 -0.309000 -8.595000 -0.071920 -0.019704 1091.000000;
985799 -1.652000 -0.759000 -8.579000 -0.059584 -0.024336 1106.000000;
985804 -1.622000 -0.775000 -8.569000 -0.058900 -0.021705 1107.000000;
985809 -1.587000 -0.795000 -8.555000 -0.058267 -0.019218 1108.000000;
985814 -1.540000 -0.808000 -8.560000 -0.057674 -0.016981 1110.000000;
985875 -1.161000 -0.790000 -8.570000 -0.042307 -0.005229 1130.000000;
986331 -0.181000 -1.334000 -8.479000 -0.052537 -0.044785 1250.000000;
986336 -0.162000 -1.352000 -8.482000 -0.051940 -0.045384 1251.000000;
986341 -0.133000 -1.363000 -8.494000 -0.051630 -0.046019 1252.000000;
986346 -0.110000 -1.373000 -8.505000 -0.051306 -0.046454 1253.000000;
986442 0.569000 -1.648000 -8.549000 -0.023939 -0.014665 1271.000000;
986447 0.614000 -1.659000 -8.554000 -0.021238 -0.011604 1271.000000;
986451 0.659000 -1.656000 -8.547000 -0.018845 -0.008655 1272.000000;
986456 0.707000 -1.662000 -8.552000 -0.016780 -0.005918 1273.000000;
986547 1.153000 -1.616000 -8.610000 0.000673 -0.004085 1258.000000;
986552 1.158000 -1.603000 -8.611000 0.000062 -0.005556 1258.000000;
986557 1.163000 -1.589000 -8.622000 -0.000627 -0.007077 1256.000000;
986562 1.163000 -1.568000 -8.615000 0.003270 -0.013243 1257.000000;
987775 1.585000 -0.887000 -8.791000 0.029298 -0.042282 1270.000000;
987780 1.613000 -0.845000 -8.802000 0.032258 -0.040565 1271.000000;
987785 1.649000 -0.823000 -8.817000 0.031408 -0.039879 1271.000000;
987789 1.685000 -0.789000 -8.831000 0.030404 -0.039221 1271.000000;
987805 1.790000 -0.679000 -8.847000 0.030239 -0.033060 1272.000000;
987810 1.826000 -0.640000 -8.867000 0.030755 -0.030640 1272.000000;
987815 1.856000 -0.603000 -8.865000 0.030145 -0.030528 1272.000000;
987820 1.888000 -0.579000 -8.878000 0.029536 -0.030340 1272.000000;
987825 1.918000 -0.544000 -8.897000 0.028840 -0.030176 1272.000000;
987830 1.949000 -0.514000 -8.889000 0.028180 -0.029983 1272.000000;
987835 1.975000 -0.467000 -8.914000 0.030860 -0.028012 1273.000000;
987840 1.998000 -0.428000 -8.892000 0.033138 -0.026334 1273.000000;
987845 2.023000 -0.387000 -8.908000 0.035233 -0.024704 1273.000000;
987850 2.044000 -0.359000 -8.901000 0.035291 -0.021067 1274.000000;
987855 2.071000 -0.332000 -8.896000 0.035331 -0.017541 1275.000000;
987860 2.096000 -0.301000 -8.914000 0.035306 -0.014540 1275.000000;
987870 2.146000 -0.223000 -8.933000 0.037407 -0.012123 1275.000000;
987875 2.163000 -0.191000 -8.932000 0.039234 -0.012459 1275.000000;
987900 2.250000 -0.037000 -8.966000 0.037648 0.000932 1279.000000;
987905 2.251000 0.003000 -8.964000 0.040018 0.003534 1279.000000;
987915 2.242000 0.071000 -8.975000 0.044085 0.008096 1279.000000;
987921 2.235000 0.081000 -8.978000 0.045795 0.010031 1279.000000;
987925 2.232000 0.106000 -8.987000 0.047230 0.011667 1279.000000;
987930 2.218000 0.127000 -8.968000 0.043549 0.014147 1279.000000;
987952 2.141000 0.265000 -8.979000 0.049287 0.024935 1285.000000;
987952 2.141000 0.265000 -8.979000 0.049287 0.024935 1285.000000;
987955 2.119000 0.284000 -8.975000 0.048543 0.027833 1285.000000;
987966 2.058000 0.332000 -8.978000 0.049218 0.033149 1285.000000;
987970 2.023000 0.374000 -8.984000 0.050360 0.035473 1286.000000;
987980 1.939000 0.444000 -9.001000 0.052231 0.040655 1302.000000;
987995 1.829000 0.527000 -9.039000 0.049662 0.041311 1303.000000;
988001 1.782000 0.560000 -9.056000 0.048567 0.040284 1304.000000;
988005 1.737000 0.593000 -9.057000 0.047636 0.039000 1305.000000;
988010 1.698000 0.617000 -9.102000 0.046889 0.037994 1305.000000;
988016 1.659000 0.652000 -9.174000 0.045986 0.037104 1309.000000;
988021 1.650000 0.687000 -9.282000 0.042564 0.039131 1310.000000;
988026 1.630000 0.740000 -9.427000 0.039295 0.040980 1311.000000;
988030 1.633000 0.788000 -9.566000 0.037438 0.040588 1311.000000;
988035 1.644000 0.852000 -9.737000 0.035651 0.040279 1312.000000;
988040 1.660000 0.907000 -9.902000 0.033950 0.039948 1313.000000;
988046 1.698000 0.968000 -10.104000 0.025023 0.041550 1314.000000;
988051 1.728000 1.043000 -10.322000 0.016824 0.042875 1314.000000;
988057 1.769000 1.106000 -10.552000 0.008804 0.045200 1329.000000;
988061 1.819000 1.184000 -10.805000 0.001758 0.045931 1329.000000;
988066 1.886000 1.246000 -11.057000 -0.004622 0.047079 1330.000000;
988071 1.957000 1.334000 -11.341000 -0.010432 0.048255 1331.000000;
988076 2.038000 1.448000 -11.643000 -0.015724 0.049625 1332.000000;
988081 2.127000 1.562000 -11.970000 -0.020406 0.050532 1332.000000;
988086 2.235000 1.673000 -12.298000 -0.025050 0.050768 1333.000000;
988091 2.365000 1.768000 -12.638000 -0.027690 0.057803 1334.000000;
988096 2.476000 1.857000 -12.980000 -0.026146 0.063166 1333.000000;
988101 2.588000 1.967000 -13.343000 -0.024778 0.068911 1334.000000;
988106 2.676000 2.074000 -13.713000 -0.030686 0.079261 1334.000000;
988111 2.765000 2.145000 -14.064000 -0.036508 0.088038 1334.000000;
988116 2.864000 2.216000 -14.441000 -0.042246 0.096142 1335.000000;
988121 2.929000 2.253000 -14.797000 -0.047155 0.103888 1336.000000;
988126 2.987000 2.309000 -15.189000 -0.051359 0.118843 1336.000000;
988131 3.025000 2.349000 -15.577000 -0.055183 0.132081 1337.000000;
988136 3.045000 2.345000 -15.935000 -0.058682 0.143022 1336.000000;
988141 3.060000 2.355000 -16.336000 -0.061162 0.153149 1336.000000;
988146 3.042000 2.334000 -16.705999 -0.062824 0.162646 1336.000000;
988151 2.997000 2.332000 -17.120001 -0.064204 0.171044 1337.000000;
988156 2.961000 2.299000 -17.541000 -0.065376 0.178694 1337.000000;
988161 2.905000 2.240000 -17.934000 -0.066366 0.193762 1338.000000;
988166 2.841000 2.171000 -18.378000 -0.067626 0.207352 1338.000000;
988171 2.744000 2.096000 -18.782000 -0.067205 0.220104 1339.000000;
988176 2.615000 2.023000 -19.233999 -0.067414 0.231968 1345.000000;
988181 2.481000 1.918000 -19.667999 -0.066881 0.242169 1346.000000;
988186 2.339000 1.825000 -20.112000 -0.066556 0.250543 1346.000000;
988191 2.180000 1.708000 -20.558001 -0.062966 0.268227 1346.000000;
988196 2.002000 1.610000 -20.999001 -0.059566 0.283753 1346.000000;
988201 1.818000 1.506000 -21.441999 -0.056512 0.297481 1347.000000;
988206 1.639000 1.385000 -21.872000 -0.059337 0.297446 1347.000000;
988211 1.477000 1.286000 -22.320000 -0.062380 0.296877 1348.000000;
988216 1.306000 1.164000 -22.752001 -0.065921 0.297455 1363.000000;
988221 1.122000 1.059000 -23.205000 -0.068683 0.296565 1364.000000;
988226 0.928000 0.945000 -23.653999 -0.071188 0.295901 1365.000000;
