dataFiltered = [
13950 -4479.234863 -2513.060303 0.000141 -0.002870 0.001196 -0.000001;
13955 -4479.686523 -2513.182129 -0.086556 -0.014267 0.005899 0.028220;
13960 -4480.321289 -2513.372559 -0.038191 -0.036835 0.015021 0.126323;
13965 -4481.096680 -2513.639160 0.881013 -0.070327 0.028136 0.306743;
13970 -4481.970703 -2513.986816 2.590447 -0.114551 0.044837 0.539261;
13975 -4482.899414 -2514.419434 4.227149 -0.169454 0.064751 0.794352;
13980 -4483.833008 -2514.939209 5.618130 -0.235174 0.087498 1.113744;
13985 -4484.716309 -2515.547852 7.252100 -0.311908 0.112713 1.538161;
13990 -4485.489258 -2516.244141 9.989932 -0.399806 0.140083 2.050883;
13995 -4486.068359 -2517.028076 15.746470 -0.499000 0.169225 2.663785;
14000 -4486.347656 -2517.900391 25.438942 -0.609582 0.199656 3.416652;
14005 -4486.240234 -2518.861084 36.845924 -0.731556 0.231014 4.291845;
14010 -4485.679688 -2519.907471 47.399406 -0.864871 0.263096 5.257989;
14015 -4484.603027 -2521.035889 55.510731 -1.009465 0.295754 6.312651;
14020 -4482.953125 -2522.241455 60.881069 -1.165281 0.328867 7.453424;
14025 -4480.677734 -2523.518799 64.578949 -1.332281 0.362338 8.677932;
14030 -4477.726562 -2524.864746 67.280815 -1.510432 0.396084 9.983831;
14035 -4474.048340 -2526.276855 69.286690 -1.699657 0.429989 11.368811;
14040 -4469.590332 -2527.753174 70.579941 -1.899814 0.463848 12.830591;
14045 -4464.299805 -2529.291504 70.840164 -2.110737 0.497440 14.324584;
14050 -4458.125000 -2530.888672 69.804230 -2.332284 0.530585 15.807243;
14055 -4451.018555 -2532.542725 67.439011 -2.564316 0.563132 17.320728;
14060 -4442.933105 -2534.253906 64.499855 -2.806688 0.594961 18.906195;
14065 -4433.824219 -2536.022949 62.147747 -3.059271 0.625938 20.561468;
14070 -4423.646484 -2537.851074 61.538464 -3.321970 0.655878 22.284401;
14075 -4412.357422 -2539.740234 63.603939 -3.594703 0.684591 24.072882;
14080 -4399.918457 -2541.694336 68.100777 -3.877377 0.711919 25.938940;
14085 -4386.298828 -2543.720703 74.008446 -4.169901 0.737811 27.823738;
14090 -4371.474121 -2545.828857 80.129257 -4.472177 0.762369 29.641598;
14095 -4355.428223 -2548.029541 84.921921 -4.784057 0.785754 31.449999;
14100 -4338.148438 -2550.334229 87.564529 -5.105397 0.808072 33.319180;
14105 -4319.625977 -2552.754883 88.317978 -5.436126 0.829354 35.247143;
14110 -4299.850098 -2555.306396 88.001015 -5.776200 0.849598 37.231930;
14115 -4278.810059 -2558.007812 87.792572 -6.125561 0.868812 39.271599;
14120 -4256.494141 -2560.881104 88.124748 -6.484157 0.886969 41.364250;
14125 -4232.889160 -2563.951416 88.494667 -6.851993 0.903966 43.451546;
14130 -4207.982422 -2567.243408 87.634972 -7.229098 0.919678 45.476547;
14135 -4181.762207 -2570.781250 84.419357 -7.615394 0.933981 47.496559;
14140 -4154.217773 -2574.590088 79.776962 -8.010652 0.946737 49.567547;
14145 -4125.340820 -2578.694824 75.559494 -8.414588 0.957820 51.687679;
14150 -4095.127686 -2583.121338 73.978371 -8.826912 0.967134 53.855167;
14155 -4063.578613 -2587.894043 76.889732 -9.247315 0.974597 56.068233;
14160 -4030.700195 -2593.037842 84.323387 -9.675490 0.980145 58.325146;
14165 -3996.503418 -2598.578125 95.561913 -10.111104 0.983783 60.581856;
14170 -3961.001465 -2604.540039 108.954712 -10.553745 0.985632 62.795357;
14175 -3924.209717 -2610.947021 122.873962 -11.002960 0.985870 65.008331;
14180 -3886.146729 -2617.818359 136.849396 -11.458323 0.984638 67.262482;
14185 -3846.831787 -2625.168701 151.608246 -11.919470 0.982026 69.556137;
14190 -3806.284180 -2633.010986 168.850052 -12.386074 0.978093 71.887703;
14195 -3764.521240 -2641.358398 188.587448 -12.857881 0.972872 74.255569;
14200 -3721.557373 -2650.225586 209.172150 -13.334742 0.966345 76.658173;
14205 -3677.407471 -2659.628174 228.063538 -13.816585 0.958473 79.051636;
14210 -3632.088135 -2669.579346 242.522385 -14.303351 0.949223 81.393120;
14215 -3585.619385 -2680.088379 251.802658 -14.794894 0.938597 83.725487;
14220 -3538.024170 -2691.159912 257.113586 -15.290927 0.926642 86.090584;
14225 -3489.329102 -2702.794434 261.013947 -15.791120 0.913425 88.486931;
14230 -3439.566406 -2714.987549 266.219604 -16.295135 0.899004 90.913071;
14235 -3388.774902 -2727.730957 274.242493 -16.802601 0.883414 93.367577;
14240 -3336.999268 -2741.016357 284.610107 -17.313147 0.866683 95.849037;
14245 -3284.288330 -2754.835449 295.689331 -17.826487 0.848836 98.356079;
14250 -3230.694092 -2769.178467 307.222748 -18.342464 0.829902 100.887337;
14255 -3176.267578 -2784.032471 320.141327 -18.860979 0.809911 103.441483;
14260 -3121.060791 -2799.380371 336.077515 -19.381817 0.788862 106.017220;
14265 -3065.124268 -2815.199463 357.073517 -19.904581 0.766713 108.613251;
14270 -3008.507080 -2831.466553 383.905243 -20.428810 0.743398 111.228333;
14275 -2951.256348 -2848.157959 415.696899 -20.954092 0.718857 113.861221;
14280 -2893.416504 -2865.249756 450.120789 -21.480131 0.693014 116.510704;
14285 -2835.030518 -2882.716553 484.506531 -22.006805 0.665753 119.203827;
14290 -2776.141846 -2900.528564 517.079285 -22.534056 0.636957 121.981087;
14295 -2716.792969 -2918.651367 547.753784 -23.061785 0.606547 124.825546;
14300 -2657.026855 -2937.045898 578.108093 -23.589809 0.574499 127.692429;
14305 -2596.885254 -2955.673340 609.262451 -24.117920 0.540821 130.566254;
14310 -2536.412354 -2974.496338 641.199585 -24.645926 0.505529 133.460083;
14315 -2475.653809 -2993.479492 673.160461 -25.173672 0.468665 136.386703;
14320 -2414.657471 -3012.588135 703.719238 -25.701019 0.430272 139.330338;
14325 -2353.468506 -3031.786865 731.946594 -26.227777 0.390369 142.261490;
14330 -2292.128174 -3051.040771 758.218445 -26.753618 0.348939 145.165451;
14335 -2230.673096 -3070.314209 783.900818 -27.278152 0.305959 148.056122;
14340 -2169.136963 -3089.570068 811.132874 -27.801033 0.261414 150.947037;
14345 -2107.550781 -3108.771973 842.356689 -28.321918 0.215262 153.851456;
14350 -2045.944458 -3127.885010 879.124268 -28.840460 0.167400 156.782288;
14355 -1984.345337 -3146.875732 921.217102 -29.356325 0.117702 159.723923;
14360 -1922.778931 -3165.709717 966.937439 -29.869234 0.066085 162.661118;
14365 -1861.270264 -3184.351074 1013.825745 -30.378977 0.012521 165.578995;
14370 -1799.845459 -3202.760986 1059.479614 -30.885397 -0.042988 168.462997;
14375 -1738.532593 -3220.898926 1103.079834 -31.388369 -0.100440 171.341278;
14380 -1677.360840 -3238.724365 1144.758911 -31.887800 -0.159830 174.241364;
14385 -1616.360596 -3256.199707 1184.733521 -32.383625 -0.221155 177.147736;
14390 -1555.560059 -3273.288818 1223.648926 -32.875847 -0.284410 180.045258;
14395 -1494.984985 -3289.959229 1261.950195 -33.364586 -0.349573 182.947403;
14400 -1434.656616 -3306.179199 1299.846069 -33.850010 -0.416620 185.867279;
14405 -1374.591064 -3321.918213 1337.188354 -34.332256 -0.485522 188.831833;
14410 -1314.800415 -3337.144531 1374.271484 -34.811386 -0.556228 191.867355;
14415 -1255.293701 -3351.827637 1411.858154 -35.287376 -0.628654 194.928894;
14420 -1196.081055 -3365.938721 1450.461426 -35.760201 -0.702703 197.986725;
14425 -1137.174072 -3379.452393 1490.789795 -36.229874 -0.778277 201.054108;
14430 -1078.585327 -3392.348389 1532.517212 -36.696434 -0.855277 204.115814;
14435 -1020.326843 -3404.608643 1574.631958 -37.159912 -0.933611 207.171021;
14440 -962.411499 -3416.219482 1616.600342 -37.620338 -1.013176 210.233109;
14445 -904.854675 -3427.167725 1658.085815 -38.077736 -1.093848 213.300980;
14450 -847.676086 -3437.439697 1699.027344 -38.532108 -1.175499 216.373566;
14455 -790.899475 -3447.020508 1739.454224 -38.983429 -1.258003 219.435730;
14460 -734.551453 -3455.892822 1779.613159 -39.431595 -1.341237 222.486816;
14465 -678.658875 -3464.039551 1819.609375 -39.876461 -1.425089 225.540283;
14470 -623.246399 -3471.446533 1859.500977 -40.317921 -1.509472 228.595123;
14475 -568.333984 -3478.103516 1899.387329 -40.755920 -1.594359 231.650406;
14480 -513.940552 -3483.993652 1940.497925 -41.190510 -1.679845 234.747559;
14485 -460.088104 -3489.087646 1984.664307 -41.621758 -1.766087 237.926971;
