dataReal = [
337700 0.948000 0.715000 97.196999 -0.055007 0.073388 1471.000000;
337705 0.956000 0.705000 97.195999 -0.056847 0.075098 1473.000000;
337710 0.962000 0.689000 97.169998 -0.058548 0.076355 1472.000000;
337715 0.968000 0.691000 97.150002 -0.058029 0.077459 1472.000000;
337720 0.975000 0.692000 97.068001 -0.057601 0.078286 1472.000000;
337725 0.982000 0.703000 96.958000 -0.057161 0.079014 1472.000000;
337730 0.991000 0.717000 96.825996 -0.058598 0.081569 1472.000000;
337735 1.003000 0.734000 96.657997 -0.060058 0.083569 1472.000000;
337740 1.024000 0.764000 96.505997 -0.061474 0.085583 1472.000000;
337745 1.056000 0.786000 96.320999 -0.062764 0.086802 1469.000000;
337750 1.100000 0.828000 96.107002 -0.062997 0.087820 1469.000000;
337755 1.149000 0.863000 95.876999 -0.063012 0.088676 1469.000000;
337760 1.199000 0.920000 95.610001 -0.063375 0.089377 1469.000000;
337765 1.250000 0.971000 95.355003 -0.062505 0.094499 1469.000000;
337770 1.293000 1.016000 95.098999 -0.061886 0.099069 1469.000000;
337775 1.333000 1.085000 94.829002 -0.061476 0.103687 1469.000000;
337780 1.358000 1.139000 94.532997 -0.060534 0.108174 1469.000000;
337785 1.383000 1.208000 94.223000 -0.059803 0.111752 1467.000000;
337790 1.413000 1.263000 93.898003 -0.059697 0.115170 1467.000000;
337795 1.449000 1.296000 93.589996 -0.064729 0.116918 1467.000000;
337800 1.489000 1.342000 93.275002 -0.069277 0.118530 1467.000000;
337805 1.512000 1.368000 92.924004 -0.072929 0.120135 1467.000000;
337810 1.529000 1.399000 92.584999 -0.076343 0.121265 1467.000000;
337815 1.538000 1.434000 92.209999 -0.082172 0.124133 1467.000000;
337820 1.545000 1.445000 91.853996 -0.087361 0.126705 1467.000000;
337825 1.558000 1.475000 91.480003 -0.092211 0.128892 1467.000000;
337831 1.561000 1.480000 91.082001 -0.087426 0.131682 1467.000000;
337835 1.559000 1.482000 90.695000 -0.083356 0.133781 1467.000000;
337840 1.538000 1.486000 90.295998 -0.079745 0.136102 1467.000000;
337845 1.495000 1.473000 89.899002 -0.077659 0.141116 1467.000000;
337850 1.437000 1.451000 89.487000 -0.076084 0.145685 1467.000000;
337855 1.359000 1.412000 89.072998 -0.074412 0.149857 1467.000000;
337860 1.277000 1.339000 88.653999 -0.080787 0.152080 1467.000000;
337900 0.356000 0.616000 85.355003 -0.106825 0.164571 1467.000000;
337905 0.238000 0.523000 84.910004 -0.109246 0.164424 1467.000000;
337910 0.114000 0.411000 84.458000 -0.109288 0.165409 1467.000000;
337915 -0.010000 0.305000 84.009003 -0.109418 0.166099 1467.000000;
337920 -0.138000 0.207000 83.567001 -0.109354 0.166965 1467.000000;
337925 -0.258000 0.099000 83.121002 -0.107037 0.163994 1467.000000;
337930 -0.375000 0.010000 82.675003 -0.104940 0.161273 1468.000000;
337935 -0.491000 -0.100000 82.230003 -0.102941 0.158726 1468.000000;
337940 -0.600000 -0.220000 81.789001 -0.106399 0.160322 1468.000000;
337947 -0.706000 -0.343000 81.352997 -0.109389 0.161759 1469.000000;
337951 -0.805000 -0.468000 80.915001 -0.111856 0.163064 1469.000000;
337955 -0.901000 -0.576000 80.469002 -0.113867 0.164143 1469.000000;
337960 -0.992000 -0.680000 80.021004 -0.111487 0.166402 1469.000000;
337965 -1.067000 -0.784000 79.560997 -0.109427 0.168126 1470.000000;
337970 -1.138000 -0.886000 79.114998 -0.107719 0.169674 1470.000000;
337975 -1.204000 -0.995000 78.642998 -0.108042 0.170070 1470.000000;
337980 -1.277000 -1.096000 78.184998 -0.108156 0.170448 1470.000000;
337985 -1.345000 -1.196000 77.718002 -0.107849 0.170569 1472.000000;
337990 -1.400000 -1.293000 77.238998 -0.102549 0.168859 1472.000000;
337995 -1.448000 -1.390000 76.778999 -0.097616 0.167357 1473.000000;
338000 -1.497000 -1.479000 76.287003 -0.093288 0.166051 1473.000000;
338005 -1.552000 -1.558000 75.842003 -0.089182 0.165100 1474.000000;
338010 -1.601000 -1.645000 75.371002 -0.088690 0.165336 1474.000000;
338015 -1.637000 -1.729000 74.931999 -0.088044 0.165395 1474.000000;
338020 -1.667000 -1.815000 74.473000 -0.087370 0.165433 1475.000000;
338025 -1.695000 -1.903000 74.004997 -0.082286 0.162456 1472.000000;
338030 -1.717000 -1.983000 73.550003 -0.076902 0.159664 1473.000000;
338035 -1.733000 -2.062000 73.075996 -0.072188 0.156955 1473.000000;
338040 -1.738000 -2.126000 72.626999 -0.069633 0.158759 1473.000000;
338045 -1.748000 -2.198000 72.152000 -0.067286 0.160245 1474.000000;
338050 -1.751000 -2.264000 71.690002 -0.065081 0.161711 1474.000000;
338055 -1.754000 -2.331000 71.210999 -0.063926 0.159199 1474.000000;
338060 -1.747000 -2.405000 70.748001 -0.063073 0.156903 1475.000000;
338065 -1.737000 -2.461000 70.289001 -0.061872 0.154793 1475.000000;
338070 -1.733000 -2.524000 69.823997 -0.061032 0.152942 1476.000000;
338075 -1.725000 -2.558000 69.364998 -0.059336 0.151329 1476.000000;
338080 -1.725000 -2.606000 68.880997 -0.057818 0.149791 1477.000000;
338085 -1.720000 -2.648000 68.419998 -0.056403 0.148461 1477.000000;
338090 -1.719000 -2.687000 67.944000 -0.039343 0.158034 1477.000000;
338095 -1.716000 -2.734000 67.487000 -0.024200 0.166826 1478.000000;
338100 -1.710000 -2.760000 67.024002 -0.010491 0.174753 1478.000000;
338105 -1.700000 -2.800000 66.552002 0.001468 0.179800 1479.000000;
338110 -1.684000 -2.816000 66.083000 0.011998 0.184442 1479.000000;
338115 -1.667000 -2.850000 65.608002 0.021506 0.188586 1480.000000;
338120 -1.643000 -2.887000 65.141998 0.028985 0.193728 1480.000000;
338125 -1.621000 -2.911000 64.674004 0.035779 0.198404 1480.000000;
338130 -1.596000 -2.940000 64.211998 0.041813 0.202878 1481.000000;
338135 -1.572000 -2.943000 63.735001 0.047292 0.206847 1481.000000;
338140 -1.547000 -2.952000 63.270000 0.051708 0.208326 1482.000000;
338145 -1.523000 -2.943000 62.789001 0.056547 0.209306 1486.000000;
338150 -1.508000 -2.941000 62.327999 0.059110 0.209068 1486.000000;
338155 -1.493000 -2.938000 61.865002 0.061338 0.209071 1487.000000;
338160 -1.487000 -2.916000 61.391998 0.063355 0.208838 1487.000000;
338165 -1.476000 -2.902000 60.931000 0.065087 0.208723 1488.000000;
338170 -1.463000 -2.866000 60.438000 0.066117 0.208168 1488.000000;
338175 -1.451000 -2.833000 59.967999 0.067112 0.207684 1489.000000;
338180 -1.438000 -2.784000 59.487000 0.067737 0.207390 1489.000000;
338185 -1.438000 -2.736000 59.021999 0.068909 0.207111 1490.000000;
338190 -1.428000 -2.694000 58.570000 0.069969 0.206902 1490.000000;
338195 -1.423000 -2.639000 58.092999 0.070783 0.206557 1491.000000;
338200 -1.406000 -2.592000 57.634998 0.065617 0.201989 1491.000000;
338205 -1.389000 -2.529000 57.145000 0.060902 0.197866 1492.000000;
338210 -1.380000 -2.472000 56.674999 0.056739 0.194150 1492.000000;
338215 -1.378000 -2.405000 56.203999 0.052245 0.185973 1493.000000;
338220 -1.399000 -2.348000 55.731998 0.048199 0.178536 1493.000000;
338226 -1.419000 -2.297000 55.278000 0.045397 0.171433 1497.000000;
338230 -1.446000 -2.242000 54.799000 0.042034 0.165312 1498.000000;
338235 -1.462000 -2.197000 54.340000 0.038875 0.161208 1498.000000;
338240 -1.480000 -2.144000 53.868000 0.036176 0.157480 1499.000000;
338245 -1.501000 -2.099000 53.402000 0.033806 0.153981 1500.000000;
338250 -1.523000 -2.048000 52.937000 0.030745 0.145150 1500.000000;
338255 -1.546000 -2.004000 52.466000 0.027888 0.136926 1501.000000;
338260 -1.554000 -1.971000 52.007000 0.025408 0.129470 1501.000000;
338265 -1.561000 -1.934000 51.533001 0.021606 0.121881 1500.000000;
338270 -1.563000 -1.908000 51.070999 0.018393 0.115040 1501.000000;
338275 -1.574000 -1.885000 50.601002 0.015664 0.108895 1501.000000;
338280 -1.582000 -1.868000 50.136002 0.012854 0.099263 1502.000000;
338285 -1.588000 -1.849000 49.672001 0.010414 0.090605 1502.000000;
338290 -1.591000 -1.830000 49.207001 0.008061 0.082791 1503.000000;
338295 -1.590000 -1.824000 48.744999 0.006145 0.075919 1503.000000;
338300 -1.594000 -1.821000 48.278000 0.002538 0.067120 1504.000000;
338305 -1.595000 -1.831000 47.818001 -0.000221 0.058985 1507.000000;
338310 -1.598000 -1.851000 47.352001 -0.002751 0.051835 1508.000000;
338315 -1.590000 -1.867000 46.890999 -0.004245 0.047447 1508.000000;
