dataReal = [
117978 -7.312000 -2.245000 -25.680000 -0.068575 0.142069 1160.000000;
117983 -7.182000 -2.200000 -25.687000 -0.065496 0.134366 1162.000000;
117988 -7.053000 -2.155000 -25.708000 -0.062706 0.127787 1163.000000;
117993 -6.930000 -2.107000 -25.729000 -0.060240 0.122057 1165.000000;
117998 -6.799000 -2.059000 -25.767000 -0.058119 0.116978 1166.000000;
118003 -6.660000 -2.003000 -25.798000 -0.057451 0.111689 1168.000000;
118008 -6.497000 -1.954000 -25.820999 -0.056949 0.107114 1169.000000;
118013 -6.320000 -1.904000 -25.848000 -0.057252 0.095683 1171.000000;
118018 -6.135000 -1.856000 -25.871000 -0.057543 0.085812 1172.000000;
118023 -5.948000 -1.806000 -25.898001 -0.057917 0.077358 1174.000000;
118028 -5.762000 -1.748000 -25.919001 -0.058492 0.070052 1175.000000;
118033 -5.573000 -1.700000 -25.930000 -0.058406 0.068191 1177.000000;
118039 -5.383000 -1.646000 -25.938999 -0.058446 0.066942 1178.000000;
118043 -5.197000 -1.598000 -25.948000 -0.058470 0.066146 1179.000000;
118048 -5.021000 -1.545000 -25.969999 -0.060146 0.064273 1181.000000;
118053 -4.842000 -1.488000 -25.993000 -0.061757 0.062797 1183.000000;
118059 -4.657000 -1.438000 -26.007999 -0.063276 0.061632 1184.000000;
118063 -4.458000 -1.386000 -26.025999 -0.064804 0.060914 1186.000000;
118068 -4.258000 -1.343000 -26.042999 -0.064447 0.055821 1187.000000;
118073 -4.061000 -1.295000 -26.063999 -0.064232 0.051628 1189.000000;
118079 -3.864000 -1.247000 -26.084000 -0.064203 0.048700 1190.000000;
118084 -3.665000 -1.208000 -26.091000 -0.064165 0.046258 1192.000000;
118089 -3.459000 -1.163000 -26.091999 -0.064251 0.044389 1193.000000;
118094 -3.259000 -1.129000 -26.093000 -0.064342 0.043048 1195.000000;
118099 -3.072000 -1.086000 -26.106001 -0.065362 0.044334 1196.000000;
118104 -2.895000 -1.046000 -26.122000 -0.066274 0.045777 1198.000000;
118109 -2.725000 -1.010000 -26.132999 -0.067119 0.047239 1199.000000;
118114 -2.554000 -0.972000 -26.143999 -0.066074 0.046299 1201.000000;
118119 -2.388000 -0.948000 -26.153999 -0.065085 0.045656 1203.000000;
118124 -2.231000 -0.916000 -26.181000 -0.064259 0.045381 1205.000000;
118129 -2.075000 -0.896000 -26.209999 -0.063490 0.045371 1206.000000;
118134 -1.923000 -0.879000 -26.240999 -0.062450 0.043594 1207.000000;
118139 -1.769000 -0.862000 -26.253000 -0.061544 0.042222 1209.000000;
118144 -1.619000 -0.849000 -26.249001 -0.060764 0.041144 1210.000000;
118149 -1.475000 -0.825000 -26.249001 -0.058777 0.036492 1212.000000;
118154 -1.339000 -0.803000 -26.242001 -0.056946 0.032533 1214.000000;
118159 -1.215000 -0.779000 -26.246000 -0.055361 0.029064 1215.000000;
118164 -1.097000 -0.756000 -26.237000 -0.053324 0.029236 1216.000000;
118169 -0.984000 -0.739000 -26.233000 -0.051517 0.029480 1218.000000;
118174 -0.887000 -0.715000 -26.242001 -0.049947 0.029957 1219.000000;
118179 -0.791000 -0.698000 -26.257999 -0.048298 0.030471 1221.000000;
118184 -0.708000 -0.677000 -26.290001 -0.046888 0.030936 1222.000000;
118189 -0.623000 -0.661000 -26.306999 -0.045671 0.031360 1224.000000;
118194 -0.538000 -0.647000 -26.313999 -0.044813 0.028718 1226.000000;
118199 -0.456000 -0.629000 -26.319000 -0.044162 0.026500 1228.000000;
118204 -0.367000 -0.617000 -26.322001 -0.043528 0.024762 1230.000000;
118209 -0.288000 -0.598000 -26.326000 -0.043006 0.022704 1231.000000;
118214 -0.201000 -0.586000 -26.320999 -0.042431 0.020964 1233.000000;
118219 -0.121000 -0.569000 -26.305000 -0.041917 0.019353 1234.000000;
118224 -0.047000 -0.554000 -26.297001 -0.041422 0.018111 1236.000000;
118229 0.023000 -0.543000 -26.285999 -0.040364 0.019267 1237.000000;
118234 0.081000 -0.525000 -26.294001 -0.039465 0.020375 1239.000000;
118239 0.142000 -0.513000 -26.305000 -0.038616 0.021516 1240.000000;
118244 0.191000 -0.489000 -26.308001 -0.037168 0.022842 1242.000000;
118249 0.240000 -0.467000 -26.319000 -0.035960 0.024048 1244.000000;
118254 0.291000 -0.446000 -26.320999 -0.034956 0.025189 1246.000000;
118259 0.342000 -0.424000 -26.330999 -0.034835 0.024338 1247.000000;
118264 0.399000 -0.408000 -26.337999 -0.034693 0.023745 1249.000000;
118269 0.453000 -0.381000 -26.336000 -0.034702 0.023170 1251.000000;
118274 0.507000 -0.358000 -26.337000 -0.034769 0.021728 1252.000000;
118279 0.561000 -0.334000 -26.326000 -0.034927 0.020553 1254.000000;
118284 0.610000 -0.315000 -26.320000 -0.035129 0.019554 1255.000000;
118289 0.655000 -0.301000 -26.320999 -0.035306 0.018840 1257.000000;
118294 0.684000 -0.282000 -26.316999 -0.037103 0.020313 1258.000000;
118299 0.704000 -0.261000 -26.322001 -0.038806 0.021600 1260.000000;
118304 0.721000 -0.239000 -26.318001 -0.040467 0.022695 1262.000000;
118309 0.739000 -0.223000 -26.320999 -0.039319 0.021775 1263.000000;
118314 0.757000 -0.211000 -26.325001 -0.038228 0.021040 1265.000000;
118320 0.771000 -0.197000 -26.327999 -0.037229 0.020350 1266.000000;
118324 0.788000 -0.184000 -26.337999 -0.038001 0.018278 1268.000000;
118329 0.809000 -0.169000 -26.337999 -0.038616 0.016402 1269.000000;
118334 0.839000 -0.160000 -26.337999 -0.039192 0.014671 1271.000000;
118339 0.873000 -0.152000 -26.334000 -0.039072 0.011399 1273.000000;
118344 0.907000 -0.141000 -26.330000 -0.039030 0.008618 1274.000000;
118349 0.932000 -0.125000 -26.326000 -0.038913 0.006132 1276.000000;
118355 0.953000 -0.107000 -26.320000 -0.038810 0.004012 1277.000000;
118361 0.967000 -0.092000 -26.316999 -0.037667 0.008007 1279.000000;
118365 0.980000 -0.082000 -26.309000 -0.036661 0.011741 1281.000000;
118370 0.989000 -0.070000 -26.306000 -0.035865 0.015210 1283.000000;
118375 0.998000 -0.058000 -26.305000 -0.037026 0.014928 1284.000000;
118379 1.008000 -0.049000 -26.313999 -0.037991 0.014803 1286.000000;
118385 1.019000 -0.042000 -26.316999 -0.038763 0.014553 1288.000000;
118390 1.040000 -0.044000 -26.316999 -0.039105 0.014141 1289.000000;
118395 1.067000 -0.045000 -26.318001 -0.039478 0.013781 1291.000000;
118400 1.099000 -0.048000 -26.309999 -0.039806 0.013460 1293.000000;
118405 1.130000 -0.050000 -26.313000 -0.039130 0.012236 1295.000000;
118410 1.153000 -0.053000 -26.301001 -0.038510 0.011099 1297.000000;
118415 1.173000 -0.060000 -26.287001 -0.037834 0.010173 1299.000000;
118420 1.182000 -0.063000 -26.271000 -0.036922 0.012291 1300.000000;
118425 1.188000 -0.065000 -26.252001 -0.036124 0.014222 1302.000000;
118430 1.194000 -0.063000 -26.257999 -0.035447 0.016184 1304.000000;
118435 1.190000 -0.062000 -26.257999 -0.034925 0.017902 1305.000000;
118440 1.191000 -0.061000 -26.264000 -0.033641 0.019669 1308.000000;
119542 1.191000 -0.058000 -26.268000 -0.032614 0.021081 1309.000000;
119547 1.199000 -0.061000 -26.263000 -0.031695 0.022184 1311.000000;
119552 1.213000 -0.063000 -26.277000 -0.032301 0.021877 1313.000000;
119557 1.222000 -0.071000 -26.274000 -0.032890 0.021492 1315.000000;
119562 1.232000 -0.078000 -26.280001 -0.033361 0.021146 1317.000000;
119567 1.231000 -0.084000 -26.271000 -0.033031 0.020375 1318.000000;
119572 1.231000 -0.084000 -26.253000 -0.032690 0.019575 1320.000000;
119577 1.237000 -0.077000 -26.247000 -0.032417 0.019013 1322.000000;
119582 1.236000 -0.075000 -26.233000 -0.031598 0.017481 1323.000000;
119587 1.232000 -0.066000 -26.230000 -0.030798 0.016166 1325.000000;
119592 1.218000 -0.061000 -26.219000 -0.030104 0.014955 1326.000000;
119597 1.202000 -0.055000 -26.209999 -0.029950 0.017793 1328.000000;
119602 1.189000 -0.044000 -26.207001 -0.029842 0.020373 1330.000000;
119607 1.179000 -0.043000 -26.201000 -0.029791 0.022613 1332.000000;
119612 1.174000 -0.039000 -26.202999 -0.029815 0.024613 1333.000000;
119617 1.171000 -0.044000 -26.200001 -0.029125 0.024982 1336.000000;
119622 1.162000 -0.038000 -26.193001 -0.028491 0.025123 1338.000000;
119627 1.158000 -0.025000 -26.187000 -0.028007 0.025311 1339.000000;
119632 1.149000 -0.016000 -26.179001 -0.026149 0.026866 1341.000000;
119637 1.138000 0.000000 -26.169001 -0.024593 0.028324 1343.000000;
119642 1.127000 0.007000 -26.156000 -0.023264 0.029626 1344.000000;
119647 1.099000 0.022000 -26.143000 -0.024850 0.030105 1346.000000;
