dataReal = [
722089 -0.948000 -1.552000 -95.237999 0.168291 0.006628 996.000000;
722093 -0.961000 -1.565000 -95.251999 0.168429 0.009850 996.000000;
722098 -0.979000 -1.593000 -95.279999 0.168429 0.012463 995.000000;
722103 -1.001000 -1.600000 -95.294998 0.168511 0.014917 995.000000;
722108 -1.005000 -1.612000 -95.319000 0.171585 0.014151 995.000000;
722113 -1.010000 -1.603000 -95.334000 0.174382 0.013305 995.000000;
722124 -0.985000 -1.574000 -95.388000 0.180780 0.012112 993.000000;
722128 -0.989000 -1.552000 -95.421997 0.184474 0.011624 993.000000;
722133 -0.993000 -1.543000 -95.461998 0.187581 0.010973 992.000000;
722138 -1.008000 -1.524000 -95.485001 0.190294 0.010479 992.000000;
722143 -1.003000 -1.514000 -95.507004 0.193970 0.012660 992.000000;
722148 -1.000000 -1.502000 -95.519997 0.197146 0.014331 992.000000;
722153 -0.986000 -1.495000 -95.528000 0.200155 0.016049 991.000000;
722158 -0.970000 -1.489000 -95.556999 0.202538 0.014857 991.000000;
722163 -0.977000 -1.481000 -95.575996 0.204923 0.014064 991.000000;
722173 -0.999000 -1.466000 -95.639000 0.211061 0.015236 991.000000;
722178 -1.003000 -1.463000 -95.668999 0.214770 0.017003 991.000000;
722183 -1.002000 -1.464000 -95.699997 0.218064 0.018293 991.000000;
722188 -1.002000 -1.472000 -95.719002 0.218456 0.015525 990.000000;
722193 -0.995000 -1.482000 -95.763000 0.218691 0.012996 990.000000;
722198 -1.011000 -1.490000 -95.789001 0.218903 0.010840 990.000000;
722205 -1.022000 -1.507000 -95.834000 0.218599 0.011232 989.000000;
722209 -1.033000 -1.524000 -95.862000 0.218286 0.011329 989.000000;
722218 -1.042000 -1.588000 -95.928001 0.217725 0.011720 988.000000;
722223 -1.050000 -1.627000 -95.945999 0.218796 0.010006 988.000000;
722228 -1.051000 -1.665000 -95.992996 0.219793 0.008402 988.000000;
722233 -1.069000 -1.701000 -96.024002 0.220772 0.006876 987.000000;
722263 -1.063000 -2.072000 -96.219002 0.216484 0.000094 983.000000;
722268 -1.066000 -2.142000 -96.252998 0.216148 -0.002514 983.000000;
722273 -1.072000 -2.217000 -96.278999 0.226598 -0.001239 983.000000;
722278 -1.072000 -2.301000 -96.309998 0.235979 0.000169 982.000000;
722283 -1.073000 -2.394000 -96.346001 0.244996 0.001306 984.000000;
722288 -1.068000 -2.485000 -96.371002 0.247152 0.000228 984.000000;
723790 -2.663000 -5.727000 -97.927002 0.525895 -0.165887 966.000000;
723800 -2.676000 -5.703000 -97.944000 0.532022 -0.170822 965.000000;
723805 -2.675000 -5.698000 -97.982002 0.536226 -0.173970 965.000000;
723810 -2.681000 -5.698000 -97.977997 0.539815 -0.177262 965.000000;
723815 -2.673000 -5.694000 -98.004997 0.543149 -0.179650 965.000000;
723820 -2.683000 -5.693000 -98.012001 0.541374 -0.181276 960.000000;
723825 -2.682000 -5.688000 -98.001999 0.542527 -0.183806 960.000000;
723830 -2.681000 -5.687000 -98.016998 0.543699 -0.186303 959.000000;
723835 -2.679000 -5.685000 -97.994003 0.544498 -0.188820 959.000000;
723840 -2.667000 -5.687000 -98.023003 0.554993 -0.189195 959.000000;
723845 -2.670000 -5.691000 -98.017998 0.564303 -0.189925 959.000000;
723850 -2.662000 -5.686000 -98.036003 0.572887 -0.189968 959.000000;
723855 -2.667000 -5.687000 -98.050003 0.578098 -0.192849 958.000000;
723860 -2.660000 -5.681000 -98.055000 0.582079 -0.194936 957.000000;
723865 -2.648000 -5.677000 -98.086998 0.586460 -0.197141 957.000000;
723890 -2.559000 -5.668000 -98.153999 0.606478 -0.216850 956.000000;
723900 -2.473000 -5.683000 -98.156998 0.613586 -0.223990 960.000000;
723905 -2.425000 -5.701000 -98.147003 0.612585 -0.228600 960.000000;
723910 -2.392000 -5.729000 -98.139999 0.611999 -0.232554 960.000000;
723915 -2.367000 -5.766000 -98.147003 0.611538 -0.235883 960.000000;
723920 -2.350000 -5.795000 -98.132004 0.615566 -0.233938 960.000000;
723930 -2.301000 -5.854000 -98.119003 0.622314 -0.230323 960.000000;
723935 -2.271000 -5.887000 -98.108002 0.633207 -0.236712 960.000000;
723941 -2.236000 -5.914000 -98.111000 0.645750 -0.243405 964.000000;
723955 -2.168000 -5.977000 -98.155998 0.667807 -0.250663 964.000000;
723980 -1.997000 -6.082000 -98.170998 0.695484 -0.273634 965.000000;
723990 -1.925000 -6.098000 -98.153000 0.710354 -0.279434 965.000000;
724005 -1.804000 -6.172000 -98.103996 0.713235 -0.283081 965.000000;
724010 -1.747000 -6.187000 -98.074997 0.711536 -0.283899 965.000000;
724015 -1.693000 -6.177000 -98.074997 0.723007 -0.286649 966.000000;
724025 -1.621000 -6.164000 -98.047997 0.743046 -0.291376 966.000000;
724030 -1.586000 -6.172000 -98.029999 0.751298 -0.293584 967.000000;
724035 -1.532000 -6.181000 -98.026001 0.753285 -0.293951 967.000000;
724040 -1.474000 -6.189000 -98.025002 0.755110 -0.294404 967.000000;
724045 -1.425000 -6.179000 -97.987999 0.756756 -0.294841 967.000000;
724049 -1.370000 -6.155000 -97.996002 0.763613 -0.296893 967.000000;
724054 -1.338000 -6.128000 -97.955002 0.769613 -0.299578 967.000000;
724060 -1.280000 -6.106000 -97.956001 0.774609 -0.301046 966.000000;
724065 -1.243000 -6.081000 -97.938004 0.777167 -0.304999 966.000000;
724069 -1.191000 -6.058000 -97.913002 0.779275 -0.308085 966.000000;
724074 -1.139000 -6.035000 -97.908997 0.781264 -0.311108 966.000000;
724084 -1.042000 -5.952000 -97.862000 0.791682 -0.316220 966.000000;
724090 -1.024000 -5.900000 -97.830002 0.795992 -0.318580 966.000000;
724095 -0.979000 -5.848000 -97.819000 0.799965 -0.320039 966.000000;
724100 -0.953000 -5.794000 -97.795998 0.798029 -0.317810 966.000000;
724105 -0.903000 -5.738000 -97.769997 0.796232 -0.315334 966.000000;
724109 -0.855000 -5.701000 -97.757004 0.794561 -0.313471 967.000000;
724114 -0.825000 -5.654000 -97.723000 0.793574 -0.320807 967.000000;
724119 -0.790000 -5.611000 -97.719002 0.792552 -0.327137 967.000000;
724125 -0.785000 -5.562000 -97.689003 0.791686 -0.333131 967.000000;
724129 -0.751000 -5.500000 -97.672997 0.794344 -0.332678 967.000000;
724134 -0.726000 -5.457000 -97.649002 0.796536 -0.332762 967.000000;
724140 -0.683000 -5.404000 -97.615997 0.799408 -0.332683 969.000000;
724170 -0.515000 -5.195000 -97.515999 0.801733 -0.343520 969.000000;
724175 -0.498000 -5.163000 -97.492996 0.802830 -0.342529 969.000000;
724180 -0.467000 -5.148000 -97.490997 0.798454 -0.345061 973.000000;
724184 -0.450000 -5.120000 -97.472000 0.793138 -0.347175 973.000000;
724190 -0.423000 -5.075000 -97.450996 0.788003 -0.349147 973.000000;
724194 -0.400000 -5.044000 -97.442001 0.795408 -0.355328 973.000000;
724199 -0.380000 -5.000000 -97.416000 0.801621 -0.360976 973.000000;
724205 -0.344000 -4.976000 -97.403999 0.807390 -0.365946 973.000000;
724209 -0.318000 -4.941000 -97.385002 0.810219 -0.369707 974.000000;
724214 -0.279000 -4.916000 -97.366997 0.812665 -0.373143 974.000000;
724219 -0.250000 -4.879000 -97.355003 0.816600 -0.375959 977.000000;
724225 -0.235000 -4.836000 -97.334999 0.822948 -0.377100 977.000000;
724229 -0.205000 -4.797000 -97.316002 0.828917 -0.377967 977.000000;
724234 -0.186000 -4.760000 -97.299004 0.834240 -0.378777 978.000000;
724239 -0.148000 -4.728000 -97.274002 0.839085 -0.379640 978.000000;
724244 -0.109000 -4.693000 -97.264999 0.840307 -0.382824 978.000000;
724249 -0.077000 -4.667000 -97.250000 0.841140 -0.385917 978.000000;
724254 -0.039000 -4.630000 -97.245003 0.842173 -0.388265 978.000000;
724260 -0.029000 -4.594000 -97.235001 0.839004 -0.386588 976.000000;
724264 -0.006000 -4.554000 -97.220001 0.837598 -0.384863 976.000000;
724269 0.005000 -4.514000 -97.211998 0.836249 -0.383247 976.000000;
724274 0.013000 -4.474000 -97.190002 0.838337 -0.390345 976.000000;
724279 0.028000 -4.426000 -97.190002 0.840214 -0.396310 976.000000;
724284 0.024000 -4.384000 -97.172997 0.841597 -0.402319 976.000000;
724289 0.019000 -4.336000 -97.174004 0.845732 -0.401380 976.000000;
724294 -0.003000 -4.280000 -97.157997 0.848998 -0.401182 976.000000;
724299 -0.024000 -4.227000 -97.146004 0.850435 -0.400586 972.000000;
724305 -0.047000 -4.166000 -97.139999 0.852992 -0.405120 972.000000;
724309 -0.074000 -4.098000 -97.121002 0.855192 -0.409377 972.000000;
724314 -0.104000 -4.024000 -97.122002 0.857264 -0.412835 972.000000;
