dataReal = [
224439 -5.304000 0.313000 104.945000 -0.009964 0.159528 1165.000000;
224444 -5.233000 0.274000 104.917999 -0.009643 0.154610 1166.000000;
224449 -5.151000 0.226000 104.921997 -0.009040 0.150429 1167.000000;
224455 -5.064000 0.181000 104.902000 -0.008592 0.145326 1175.000000;
224459 -4.969000 0.138000 104.886002 -0.010126 0.140749 1176.000000;
224464 -4.863000 0.088000 104.880997 -0.011294 0.136965 1178.000000;
224469 -4.763000 0.052000 104.851997 -0.012395 0.133487 1180.000000;
224474 -4.654000 0.013000 104.855003 -0.010593 0.130313 1181.000000;
224479 -4.550000 -0.014000 104.837997 -0.009169 0.127274 1183.000000;
224484 -4.435000 -0.042000 104.830002 -0.007760 0.124965 1185.000000;
224489 -4.321000 -0.068000 104.819000 -0.008207 0.120521 1187.000000;
224496 -4.211000 -0.090000 104.801003 -0.008618 0.116343 1191.000000;
224500 -4.098000 -0.118000 104.789001 -0.008850 0.113616 1193.000000;
224505 -3.995000 -0.138000 104.780998 -0.008269 0.110201 1194.000000;
224510 -3.884000 -0.157000 104.772003 -0.007787 0.107534 1195.000000;
224515 -3.782000 -0.172000 104.778999 -0.007468 0.104770 1197.000000;
224520 -3.675000 -0.183000 104.775002 -0.007139 0.102789 1198.000000;
224525 -3.574000 -0.194000 104.778999 -0.007334 0.099708 1199.000000;
224529 -3.480000 -0.199000 104.787003 -0.007439 0.097321 1201.000000;
224535 -3.381000 -0.208000 104.772003 -0.007461 0.094847 1205.000000;
224540 -3.293000 -0.222000 104.777000 -0.007949 0.092065 1206.000000;
224545 -3.199000 -0.230000 104.750999 -0.008526 0.089977 1208.000000;
224550 -3.117000 -0.243000 104.745003 -0.009125 0.087835 1209.000000;
224555 -3.037000 -0.239000 104.732002 -0.011115 0.085781 1211.000000;
224560 -2.960000 -0.233000 104.710999 -0.012965 0.083680 1212.000000;
224565 -2.888000 -0.222000 104.716003 -0.014547 0.082120 1213.000000;
224570 -2.806000 -0.216000 104.686996 -0.014287 0.078297 1214.000000;
224575 -2.729000 -0.225000 104.695999 -0.013955 0.074943 1215.000000;
224580 -2.650000 -0.219000 104.676003 -0.013701 0.072348 1216.000000;
224585 -2.576000 -0.222000 104.672997 -0.013530 0.069770 1218.000000;
224590 -2.509000 -0.209000 104.666000 -0.012653 0.067550 1219.000000;
224595 -2.440000 -0.198000 104.648003 -0.012030 0.065261 1220.000000;
224600 -2.379000 -0.191000 104.664001 -0.011475 0.063513 1222.000000;
224795 -0.828000 -0.187000 104.486000 -0.001144 -0.003191 1253.000000;
224801 -0.789000 -0.182000 104.487999 -0.001672 -0.003957 1254.000000;
224805 -0.762000 -0.171000 104.477997 -0.002211 -0.004615 1254.000000;
224811 -0.727000 -0.169000 104.484001 -0.002730 -0.005064 1255.000000;
224816 -0.699000 -0.161000 104.473000 -0.003958 -0.006682 1251.000000;
224821 -0.674000 -0.157000 104.467003 -0.004927 -0.008366 1252.000000;
224826 -0.642000 -0.153000 104.462997 -0.005941 -0.009676 1253.000000;
224831 -0.617000 -0.150000 104.453003 -0.006605 -0.012550 1254.000000;
224836 -0.577000 -0.158000 104.459999 -0.007050 -0.014992 1256.000000;
224841 -0.543000 -0.163000 104.459000 -0.007501 -0.017316 1257.000000;
224846 -0.509000 -0.184000 104.472000 -0.008144 -0.018977 1258.000000;
224851 -0.468000 -0.201000 104.475998 -0.008774 -0.020351 1259.000000;
224856 -0.438000 -0.211000 104.482002 -0.009359 -0.021602 1254.000000;
224861 -0.392000 -0.214000 104.476997 -0.009918 -0.022533 1255.000000;
224866 -0.361000 -0.211000 104.471001 -0.008706 -0.024491 1256.000000;
224871 -0.323000 -0.217000 104.470001 -0.007466 -0.026019 1256.000000;
224876 -0.287000 -0.231000 104.466003 -0.006383 -0.027351 1258.000000;
224881 -0.258000 -0.255000 104.474998 -0.006991 -0.028304 1259.000000;
224886 -0.219000 -0.277000 104.469002 -0.007605 -0.028945 1260.000000;
224891 -0.196000 -0.287000 104.472000 -0.008266 -0.029602 1261.000000;
224896 -0.163000 -0.285000 104.467003 -0.008154 -0.030257 1257.000000;
224901 -0.136000 -0.291000 104.458000 -0.007889 -0.031012 1258.000000;
224906 -0.110000 -0.295000 104.462997 -0.007672 -0.031758 1259.000000;
224911 -0.080000 -0.321000 104.449997 -0.009781 -0.032476 1259.000000;
224916 -0.057000 -0.344000 104.457001 -0.011727 -0.033190 1260.000000;
224921 -0.022000 -0.363000 104.455002 -0.013363 -0.033648 1261.000000;
224926 0.008000 -0.376000 104.454002 -0.013001 -0.035825 1263.000000;
224931 0.044000 -0.373000 104.466003 -0.012595 -0.037758 1264.000000;
224936 0.085000 -0.386000 104.456001 -0.012223 -0.039370 1261.000000;
224942 0.117000 -0.397000 104.472000 -0.013832 -0.041710 1262.000000;
224946 0.159000 -0.425000 104.471001 -0.015233 -0.043490 1263.000000;
224951 0.191000 -0.449000 104.474998 -0.016514 -0.045137 1264.000000;
224956 0.226000 -0.464000 104.482002 -0.015417 -0.045722 1265.000000;
224961 0.260000 -0.468000 104.463997 -0.014462 -0.046271 1266.000000;
224966 0.282000 -0.471000 104.468002 -0.013626 -0.046799 1267.000000;
224971 0.311000 -0.475000 104.447998 -0.012809 -0.047135 1268.000000;
224976 0.326000 -0.494000 104.442001 -0.014105 -0.047548 1264.000000;
224981 0.347000 -0.509000 104.444000 -0.014905 -0.047706 1265.000000;
224986 0.372000 -0.527000 104.436996 -0.015720 -0.047980 1266.000000;
224991 0.397000 -0.543000 104.459000 -0.016096 -0.050172 1267.000000;
224996 0.437000 -0.548000 104.456001 -0.016661 -0.052085 1268.000000;
225001 0.470000 -0.557000 104.463997 -0.017217 -0.053818 1270.000000;
225006 0.506000 -0.554000 104.469002 -0.018677 -0.054633 1271.000000;
225011 0.538000 -0.559000 104.456001 -0.020023 -0.055363 1272.000000;
225017 0.561000 -0.570000 104.474998 -0.021240 -0.055981 1269.000000;
225022 0.592000 -0.591000 104.463997 -0.022398 -0.056324 1269.000000;
225026 0.616000 -0.616000 104.474998 -0.025974 -0.056817 1270.000000;
225031 0.642000 -0.641000 104.474998 -0.029321 -0.057082 1271.000000;
225037 0.664000 -0.655000 104.461998 -0.032208 -0.057420 1272.000000;
225041 0.679000 -0.684000 104.477997 -0.032357 -0.058000 1273.000000;
225046 0.702000 -0.705000 104.462997 -0.032374 -0.058532 1275.000000;
225052 0.719000 -0.736000 104.484001 -0.032281 -0.059160 1276.000000;
225057 0.748000 -0.764000 104.487999 -0.032778 -0.060032 1273.000000;
225062 0.775000 -0.781000 104.491997 -0.032987 -0.060822 1274.000000;
225067 0.802000 -0.800000 104.513000 -0.033247 -0.061318 1275.000000;
225072 0.829000 -0.808000 104.505997 -0.033652 -0.061729 1276.000000;
225077 0.853000 -0.826000 104.517998 -0.033952 -0.062001 1277.000000;
225082 0.880000 -0.845000 104.514999 -0.034299 -0.062151 1277.000000;
225087 0.902000 -0.870000 104.510002 -0.034633 -0.062280 1279.000000;
225092 0.924000 -0.900000 104.516998 -0.036439 -0.062735 1280.000000;
225097 0.942000 -0.919000 104.508003 -0.038159 -0.063190 1278.000000;
225102 0.955000 -0.935000 104.513000 -0.039589 -0.063347 1279.000000;
225107 0.969000 -0.949000 104.510002 -0.039592 -0.063299 1280.000000;
225112 0.984000 -0.962000 104.501999 -0.039611 -0.063363 1281.000000;
225117 1.002000 -0.985000 104.512001 -0.039697 -0.063423 1282.000000;
225122 1.022000 -1.009000 104.509003 -0.040632 -0.064887 1284.000000;
225127 1.041000 -1.035000 104.528999 -0.041315 -0.066099 1285.000000;
225132 1.061000 -1.056000 104.542999 -0.042022 -0.067117 1286.000000;
225139 1.082000 -1.081000 104.553001 -0.042399 -0.067546 1274.000000;
225143 1.104000 -1.104000 104.571999 -0.042128 -0.067232 1275.000000;
225147 1.128000 -1.126000 104.572998 -0.041784 -0.067092 1276.000000;
225152 1.147000 -1.148000 104.595001 -0.040969 -0.066095 1277.000000;
225157 1.165000 -1.166000 104.596001 -0.040163 -0.065097 1279.000000;
225162 1.177000 -1.179000 104.599998 -0.039382 -0.064178 1280.000000;
225167 1.191000 -1.190000 104.591003 -0.038741 -0.063227 1281.000000;
225172 1.202000 -1.202000 104.575996 -0.038709 -0.063242 1283.000000;
225177 1.214000 -1.223000 104.571999 -0.040030 -0.064512 1264.000000;
225182 1.224000 -1.243000 104.557999 -0.039928 -0.064334 1265.000000;
225187 1.228000 -1.265000 104.564003 -0.040737 -0.063884 1267.000000;
225192 1.234000 -1.288000 104.565002 -0.041463 -0.063421 1268.000000;
