dataModel = [
11810 0.000000 0.000000 0.000000 0.000000 0.000000 9.980801;
11815 0.000000 0.000000 0.000000 0.000000 0.000000 19.652870;
11820 0.000000 0.000000 0.000000 0.000000 0.000000 29.025755;
11825 0.000000 0.000000 0.000000 0.000000 0.000000 38.108715;
11830 0.000000 0.000000 0.000000 0.000000 0.000000 46.910713;
11835 0.000000 0.000000 0.000000 0.000000 0.000000 55.440445;
11840 0.000000 0.000000 0.000000 0.000000 0.000000 63.706329;
11845 0.000000 0.000000 0.000000 0.000000 0.000000 71.716530;
11850 0.000000 0.000000 0.000000 0.000000 0.000000 79.478958;
11855 0.000000 0.000000 0.000000 0.000000 0.000000 87.001266;
11860 0.000000 0.000000 0.000000 0.000000 0.000000 94.290894;
11865 0.000000 0.000000 0.000000 0.000000 0.000000 101.355034;
11870 0.000000 0.000000 0.000000 0.000000 0.000000 108.200661;
11875 0.000000 0.000000 0.000000 0.000000 0.000000 114.834541;
11880 0.000000 0.000000 0.000000 0.000000 0.000000 121.263214;
11885 0.000000 0.000000 0.000000 0.000000 0.000000 127.493027;
11890 0.000000 0.000000 0.000000 0.000000 0.000000 133.530136;
11895 0.000000 0.000000 0.000000 0.000000 0.000000 139.380508;
11900 0.000000 0.000000 0.000000 0.000000 0.000000 145.049911;
11905 0.000000 0.000000 -3762.861572 0.000000 0.000000 140.563141;
11910 0.000000 0.000000 -7371.315918 0.000000 0.000000 136.215164;
11915 0.000000 0.000000 -10831.699219 0.000000 0.000000 132.001678;
11920 0.000000 0.000000 -14150.086914 0.000000 0.000000 127.918526;
11925 0.000000 0.000000 -17332.308594 0.000000 0.000000 123.961678;
11930 0.000000 0.000000 -20383.947266 0.000000 0.000000 120.127220;
11935 0.000000 0.000000 -23310.363281 0.000000 0.000000 116.411377;
11940 0.000000 0.000000 -26116.697266 0.000000 0.000000 112.810478;
11945 0.000000 0.000000 -28807.875000 0.000000 0.000000 109.320961;
11950 0.000000 0.000000 -31388.621094 0.000000 0.000000 105.939384;
11955 0.000000 0.000000 -33863.464844 0.000000 0.000000 102.662399;
11960 0.000000 0.000000 -36236.753906 0.000000 0.000000 99.486786;
11965 0.000000 0.000000 -38512.660156 0.000000 0.000000 96.409401;
11970 0.000000 0.000000 -40695.175781 0.000000 0.000000 93.427208;
11975 0.000000 0.000000 -42788.132812 0.000000 0.000000 90.537262;
11980 0.000000 0.000000 -44795.203125 0.000000 0.000000 87.736710;
11985 0.000000 0.000000 -46719.917969 0.000000 0.000000 85.022781;
11990 0.000000 0.000000 -48565.652344 0.000000 0.000000 82.392815;
11995 0.000000 0.000000 -50335.648438 0.000000 0.000000 79.844193;
12000 0.000000 0.000000 -52033.011719 0.000000 0.000000 77.374405;
12005 0.000000 0.000000 -53660.726562 0.000000 0.000000 74.981018;
12010 0.000000 0.000000 -55221.644531 0.000000 0.000000 72.661659;
12015 0.000000 0.000000 -56718.515625 0.000000 0.000000 70.414055;
12020 0.000000 0.000000 -58153.964844 0.000000 0.000000 68.235962;
12025 0.000000 0.000000 -59530.511719 0.000000 0.000000 66.125252;
12030 0.000000 0.000000 -60850.566406 0.000000 0.000000 64.079826;
12035 0.000000 0.000000 -62116.457031 0.000000 0.000000 62.097672;
12040 0.000000 0.000000 -63330.402344 0.000000 0.000000 60.176830;
12045 0.000000 0.000000 -64494.539062 0.000000 0.000000 58.315407;
12050 0.000000 0.000000 -65610.898438 0.000000 0.000000 56.511562;
12055 0.000000 0.000000 -66681.453125 0.000000 0.000000 54.763515;
12060 0.000000 0.000000 -67708.078125 0.000000 0.000000 53.069538;
12065 0.000000 0.000000 -68692.570312 0.000000 0.000000 51.427959;
12070 0.000000 0.000000 -69636.671875 0.000000 0.000000 49.837162;
12075 0.000000 0.000000 -70542.031250 0.000000 0.000000 48.295570;
12080 0.000000 0.000000 -71410.242188 0.000000 0.000000 46.801662;
12085 0.000000 0.000000 -72242.820312 0.000000 0.000000 45.353970;
12090 0.000000 0.000000 -73041.234375 0.000000 0.000000 43.951054;
12095 0.000000 0.000000 -73806.890625 0.000000 0.000000 42.591534;
12100 0.000000 0.000000 -74541.132812 0.000000 0.000000 41.274067;
12105 0.000000 0.000000 -75245.234375 0.000000 0.000000 39.997353;
12110 0.000000 0.000000 -75920.437500 0.000000 0.000000 38.760132;
12115 0.000000 0.000000 -76567.945312 0.000000 0.000000 37.561180;
12120 0.000000 0.000000 -77188.882812 0.000000 0.000000 36.399315;
12125 0.000000 0.000000 -77784.343750 0.000000 0.000000 35.273392;
12130 0.000000 0.000000 -78355.359375 0.000000 0.000000 34.182297;
12135 0.000000 0.000000 -78902.953125 0.000000 0.000000 33.124950;
12140 0.000000 0.000000 -79428.078125 0.000000 0.000000 32.100307;
12145 0.000000 0.000000 -79931.648438 0.000000 0.000000 31.107365;
12150 0.000000 0.000000 -80414.554688 0.000000 0.000000 30.145132;
12155 0.000000 0.000000 -80877.648438 0.000000 0.000000 29.212667;
12160 0.000000 0.000000 -81321.742188 0.000000 0.000000 28.309044;
12165 0.000000 0.000000 -81747.601562 0.000000 0.000000 27.433371;
12170 0.000000 0.000000 -82156.000000 0.000000 0.000000 26.584785;
12175 0.000000 0.000000 -82547.632812 0.000000 0.000000 25.762449;
12180 0.000000 0.000000 -82923.195312 0.000000 0.000000 24.965551;
12185 0.000000 0.000000 -83283.351562 0.000000 0.000000 24.193302;
12190 0.000000 0.000000 -83628.726562 0.000000 0.000000 23.444941;
12195 0.000000 0.000000 -83959.921875 0.000000 0.000000 22.719728;
12200 0.000000 0.000000 -84277.531250 0.000000 0.000000 22.016949;
12205 0.000000 0.000000 -84582.109375 0.000000 0.000000 21.335907;
12210 0.000000 0.000000 -84874.187500 0.000000 0.000000 20.675934;
12215 0.000000 0.000000 -85154.273438 0.000000 0.000000 20.036373;
12220 0.000000 0.000000 -85422.875000 0.000000 0.000000 19.416597;
12225 0.000000 0.000000 -85680.453125 0.000000 0.000000 18.815990;
12230 0.000000 0.000000 -85927.460938 0.000000 0.000000 18.233965;
12235 0.000000 0.000000 -86164.328125 0.000000 0.000000 17.669941;
12240 0.000000 0.000000 -86391.476562 0.000000 0.000000 17.123363;
12245 0.000000 0.000000 -86609.312500 0.000000 0.000000 16.593695;
12250 0.000000 0.000000 -86818.203125 0.000000 0.000000 16.080410;
12255 0.000000 0.000000 -87018.531250 0.000000 0.000000 15.583001;
12260 0.000000 0.000000 -87210.632812 0.000000 0.000000 15.100978;
12265 0.000000 0.000000 -87394.851562 0.000000 0.000000 14.633866;
12270 0.000000 0.000000 -87571.507812 0.000000 0.000000 14.181203;
12275 0.000000 0.000000 -87740.921875 0.000000 0.000000 13.742542;
12280 0.000000 0.000000 -87903.382812 0.000000 0.000000 13.317450;
12285 0.000000 0.000000 -88059.171875 0.000000 0.000000 12.905506;
12290 0.000000 0.000000 -88208.570312 0.000000 0.000000 12.506306;
12295 0.000000 0.000000 -88351.843750 0.000000 0.000000 12.119453;
12300 0.000000 0.000000 -88489.234375 0.000000 0.000000 11.744567;
12305 0.000000 0.000000 -88620.984375 0.000000 0.000000 11.381278;
12310 0.000000 0.000000 -88747.328125 0.000000 0.000000 11.029225;
12315 0.000000 0.000000 -88868.492188 0.000000 0.000000 10.688064;
12320 0.000000 0.000000 -88984.679688 0.000000 0.000000 10.357454;
12325 0.000000 0.000000 -89096.101562 0.000000 0.000000 10.037072;
12330 0.000000 0.000000 -89202.953125 0.000000 0.000000 9.726600;
12335 0.000000 0.000000 -89305.414062 0.000000 0.000000 9.425732;
12340 0.000000 0.000000 -89403.671875 0.000000 0.000000 9.134169;
12345 0.000000 0.000000 -89497.898438 0.000000 0.000000 8.851625;
12350 0.000000 0.000000 -89588.265625 0.000000 0.000000 8.577822;
12355 0.000000 0.000000 -89674.921875 0.000000 0.000000 8.312488;
12360 0.000000 0.000000 -89758.015625 0.000000 0.000000 8.055361;
12365 0.000000 0.000000 -89837.710938 0.000000 0.000000 7.806188;
12370 0.000000 0.000000 -89914.125000 0.000000 0.000000 7.564723;
12375 0.000000 0.000000 -89987.406250 0.000000 0.000000 7.330726;
12380 0.000000 0.000000 -90057.679688 0.000000 0.000000 7.103968;
12385 0.000000 0.000000 -90125.070312 0.000000 0.000000 6.884224;
12390 0.000000 0.000000 -90189.695312 0.000000 0.000000 6.671277;
12395 0.000000 0.000000 -90251.671875 0.000000 0.000000 6.464917;
12400 0.000000 0.000000 -90311.101562 0.000000 0.000000 6.264941;
12405 0.000000 0.000000 -90368.093750 0.000000 0.000000 6.071150;
