residue = [
24490 1.162061 -0.773019 3.762861 -0.000000 0.000003 0.000000;
24495 1.162180 -0.773057 7.372973 -0.000001 0.000013 -0.000014;
24500 1.162353 -0.773119 10.836602 -0.000004 0.000033 -0.000070;
24505 1.162567 -0.773211 14.155479 -0.000007 0.000064 -0.000167;
24510 1.162807 -0.773343 17.331490 -0.000010 0.000105 -0.000290;
24515 1.163059 -0.773528 20.365746 -0.000015 0.000156 -0.000438;
24520 1.163311 -0.773783 23.259762 -0.000020 0.000218 -0.000611;
24525 1.163552 -0.774121 26.015711 -0.000025 0.000291 -0.000808;
24530 1.163772 -0.774546 28.635637 -0.000031 0.000374 -0.001028;
24535 1.163957 -0.775060 31.122622 -0.000038 0.000468 -0.001285;
24540 1.164096 -0.775663 33.478630 -0.000045 0.000573 -0.001578;
24545 1.164177 -0.776363 35.706097 -0.000053 0.000689 -0.001877;
24550 1.164189 -0.777168 37.806469 -0.000061 0.000815 -0.002184;
24555 1.164116 -0.778082 39.782463 -0.000070 0.000952 -0.002524;
24560 1.163946 -0.779106 41.638287 -0.000080 0.001100 -0.002898;
24565 1.163669 -0.780238 43.376606 -0.000090 0.001258 -0.003277;
24570 1.163278 -0.781471 45.000443 -0.000103 0.001427 -0.003659;
24575 1.162756 -0.782794 46.511894 -0.000116 0.001605 -0.004074;
24580 1.162082 -0.784189 47.914791 -0.000132 0.001794 -0.004520;
24585 1.161232 -0.785639 49.214233 -0.000150 0.001992 -0.004969;
24590 1.160186 -0.787131 50.412209 -0.000170 0.002200 -0.005419;
24595 1.158919 -0.788647 51.508747 -0.000193 0.002417 -0.005885;
24600 1.157400 -0.790155 52.504250 -0.000219 0.002643 -0.006353;
24605 1.155595 -0.791615 53.402138 -0.000247 0.002880 -0.006808;
24610 1.153477 -0.792997 54.208839 -0.000277 0.003126 -0.007264;
24615 1.151027 -0.794275 54.927956 -0.000309 0.003383 -0.007736;
24620 1.148226 -0.795419 55.559620 -0.000344 0.003648 -0.008222;
24625 1.145041 -0.796386 56.105465 -0.000382 0.003923 -0.008722;
24630 1.141437 -0.797125 56.569412 -0.000422 0.004206 -0.009237;
24635 1.137385 -0.797596 56.957642 -0.000465 0.004498 -0.009764;
24640 1.132862 -0.797771 57.274040 -0.000511 0.004798 -0.010305;
24645 1.127848 -0.797635 57.519165 -0.000560 0.005106 -0.010872;
24650 1.122308 -0.797179 57.695156 -0.000611 0.005422 -0.011450;
24655 1.115958 -0.796484 57.478680 -0.000666 0.005746 -0.012139;
24660 1.108280 -0.795731 56.558563 -0.000723 0.006078 -0.013089;
24665 1.099038 -0.795024 55.287811 -0.000785 0.006418 -0.014197;
24670 1.088264 -0.794391 54.007065 -0.000850 0.006765 -0.015317;
24675 1.075993 -0.793859 52.719536 -0.000919 0.007118 -0.016434;
24680 1.062262 -0.793456 51.428299 -0.000991 0.007479 -0.017562;
24685 1.047109 -0.793207 50.135216 -0.001067 0.007847 -0.018616;
24690 1.030572 -0.793133 48.841515 -0.001147 0.008222 -0.019498;
24695 1.012692 -0.793251 47.548241 -0.001231 0.008602 -0.020297;
24700 0.993508 -0.793577 46.256607 -0.001318 0.008989 -0.021100;
24705 0.973060 -0.794131 44.968639 -0.001409 0.009381 -0.021905;
24710 0.951385 -0.794934 43.686245 -0.001503 0.009778 -0.022713;
24715 0.928519 -0.796006 42.411091 -0.001601 0.010179 -0.023523;
24720 0.904501 -0.797366 41.144798 -0.001702 0.010585 -0.024336;
24725 0.879373 -0.799028 39.888367 -0.001807 0.010996 -0.025164;
24730 0.853182 -0.801006 38.642498 -0.001915 0.011410 -0.026007;
24735 0.825980 -0.803311 37.407681 -0.002027 0.011828 -0.026837;
24740 0.797822 -0.805950 36.184162 -0.002141 0.012249 -0.027654;
24745 0.768769 -0.808931 34.972607 -0.002257 0.012674 -0.028471;
24750 0.738880 -0.812257 33.773907 -0.002376 0.013101 -0.029288;
24755 0.708213 -0.815926 32.588997 -0.002498 0.013532 -0.030120;
24760 0.676822 -0.819935 31.418423 -0.002621 0.013966 -0.030979;
24765 0.644760 -0.824281 30.262913 -0.002747 0.014402 -0.031866;
24770 0.612077 -0.828971 29.123390 -0.002874 0.014842 -0.032764;
24775 0.578825 -0.834015 28.000454 -0.003005 0.015283 -0.033645;
24780 0.545053 -0.839423 26.894997 -0.003138 0.015727 -0.034510;
24785 0.510810 -0.845201 25.807896 -0.003274 0.016174 -0.035372;
24790 0.476148 -0.851348 24.740082 -0.003414 0.016623 -0.036231;
24795 0.441120 -0.857862 23.691910 -0.003556 0.017074 -0.037115;
24800 0.405779 -0.864733 22.663158 -0.003701 0.017527 -0.038038;
24805 0.370178 -0.871949 21.653725 -0.003849 0.017983 -0.038957;
24810 0.334362 -0.879496 20.663605 -0.003998 0.018441 -0.039841;
24815 0.298379 -0.887360 19.693649 -0.004149 0.018901 -0.040679;
24820 0.262269 -0.895525 18.744980 -0.004301 0.019365 -0.041457;
24825 0.226075 -0.903976 17.818047 -0.004455 0.019831 -0.042204;
24830 0.189840 -0.912699 16.912254 -0.004610 0.020299 -0.042948;
24835 0.153610 -0.921677 16.026337 -0.004767 0.020770 -0.043691;
24840 0.117426 -0.930893 15.159111 -0.004925 0.021243 -0.044445;
24845 0.081324 -0.940328 14.310318 -0.005083 0.021719 -0.045211;
24850 0.045336 -0.949964 13.480354 -0.005243 0.022197 -0.045973;
24855 0.009489 -0.959779 12.670181 -0.005404 0.022677 -0.046731;
24860 -0.026192 -0.969754 11.880608 -0.005565 0.023160 -0.047486;
24865 -0.061683 -0.979870 11.111343 -0.005728 0.023645 -0.048251;
24870 -0.096961 -0.990109 10.361595 -0.005893 0.024133 -0.049026;
24875 -0.132004 -1.000454 9.630280 -0.006059 0.024623 -0.049796;
24880 -0.166787 -1.010891 8.916992 -0.006227 0.025117 -0.050561;
24885 -0.201286 -1.021403 8.221840 -0.006396 0.025614 -0.051307;
24890 -0.235481 -1.031972 7.545525 -0.006568 0.026114 -0.052034;
24895 -0.269359 -1.042576 6.889168 -0.006741 0.026618 -0.052757;
24900 -0.302915 -1.053187 6.253395 -0.006917 0.027125 -0.053461;
24905 -0.336144 -1.063781 5.637901 -0.007094 0.027637 -0.054132;
24910 -0.369045 -1.074329 5.041595 -0.007273 0.028152 -0.054757;
24915 -0.401621 -1.084807 4.464142 -0.007455 0.028673 -0.055323;
24920 -0.433879 -1.095193 3.906029 -0.007640 0.029198 -0.055859;
24925 -0.465827 -1.105475 3.367973 -0.007827 0.029728 -0.056407;
24930 -0.497474 -1.115644 2.850418 -0.008018 0.030262 -0.056982;
24935 -0.528831 -1.125695 2.352318 -0.008212 0.030801 -0.057583;
24940 -0.559913 -1.135618 1.872093 -0.008410 0.031346 -0.058195;
24945 -0.590736 -1.145403 1.408989 -0.008611 0.031895 -0.058789;
24950 -0.621314 -1.155044 0.962921 -0.008817 0.032449 -0.059338;
24955 -0.651662 -1.164540 0.534088 -0.009026 0.033008 -0.059813;
24960 -0.681798 -1.173897 0.122368 -0.009239 0.033571 -0.060217;
24965 -0.711740 -1.183125 -0.272163 -0.009456 0.034139 -0.060579;
24970 -0.741505 -1.192236 -0.649231 -0.009677 0.034712 -0.060914;
24975 -0.771111 -1.201244 -1.009064 -0.009903 0.035289 -0.061209;
24980 -0.800574 -1.210163 -1.352432 -0.010132 0.035871 -0.061465;
24985 -0.829915 -1.219005 -1.680611 -0.010365 0.036458 -0.061710;
24990 -0.859156 -1.227782 -1.994278 -0.010603 0.037049 -0.061945;
24995 -0.888320 -1.236506 -2.293037 -0.010844 0.037646 -0.062156;
25000 -0.917430 -1.245195 -2.576233 -0.011089 0.038247 -0.062343;
25005 -0.946509 -1.253866 -2.843857 -0.011339 0.038854 -0.062507;
25010 -0.975579 -1.262535 -3.097229 -0.011594 0.039467 -0.062663;
25015 -1.004664 -1.271218 -3.337624 -0.011854 0.040085 -0.062824;
25020 -1.033785 -1.279931 -3.565796 -0.012120 0.040709 -0.062977;
25025 -1.062963 -1.288694 -3.781792 -0.012391 0.041339 -0.063121;
25030 -1.092218 -1.297527 -3.985352 -0.012668 0.041976 -0.063286;
25035 -1.121564 -1.306454 -4.176781 -0.012951 0.042618 -0.063484;
25040 -1.151018 -1.315498 -4.355888 -0.013241 0.043266 -0.063686;
25045 -1.180596 -1.324683 -4.522949 -0.013538 0.043919 -0.063837;
25050 -1.210318 -1.334035 -4.678444 -0.013841 0.044578 -0.063894;
25055 -1.240206 -1.343582 -4.823029 -0.014152 0.045243 -0.063846;
25060 -1.270281 -1.353348 -4.957657 -0.014469 0.045914 -0.063738;
25065 -1.300569 -1.363363 -5.082634 -0.014794 0.046590 -0.063627;
25070 -1.331092 -1.373654 -5.197556 -0.015126 0.047271 -0.063542;
25075 -1.361874 -1.384255 -5.302055 -0.015465 0.047959 -0.063510;
25080 -1.392937 -1.395199 -5.396400 -0.015813 0.048651 -0.063503;
25085 -1.424300 -1.406515 -5.481209 -0.016168 0.049349 -0.063462;
25090 -1.455983 -1.418232 -5.557350 -0.016530 0.050053 -0.063376;
25095 -1.488001 -1.430379 -5.625084 -0.016901 0.050761 -0.063230;
