residue = [
14935 -4.215221 -3.579086 0.000000 -0.000003 0.000001 -0.009981;
14940 -4.215678 -3.579251 -0.000872 -0.000014 0.000006 -0.019639;
14945 -4.216430 -3.579486 -0.003627 -0.000036 0.000015 -0.028956;
14950 -4.217555 -3.579775 -0.008098 -0.000068 0.000029 -0.037913;
14955 -4.219119 -3.580101 -0.013947 -0.000110 0.000046 -0.046508;
14960 -4.221181 -3.580449 -0.020894 -0.000162 0.000065 -0.054751;
14965 -4.223786 -3.580799 -0.028627 -0.000223 0.000088 -0.062653;
14970 -4.226968 -3.581125 -0.036843 -0.000293 0.000113 -0.070223;
14975 -4.230742 -3.581397 -0.045646 -0.000371 0.000141 -0.077415;
14980 -4.235108 -3.581579 -0.056096 -0.000456 0.000171 -0.084198;
14985 -4.240050 -3.581635 -0.069335 -0.000550 0.000202 -0.090639;
14990 -4.245543 -3.581528 -0.086066 -0.000650 0.000235 -0.096777;
14995 -4.251557 -3.581221 -0.106216 -0.000758 0.000271 -0.102621;
15000 -4.258051 -3.580677 -0.128754 -0.000872 0.000309 -0.108193;
15005 -4.264982 -3.579854 -0.153212 -0.000992 0.000349 -0.113489;
15010 -4.272300 -3.578717 -0.179402 -0.001118 0.000393 -0.118517;
15015 -4.279956 -3.577229 -0.207141 -0.001250 0.000439 -0.123298;
15020 -4.287904 -3.575351 -0.236863 -0.001388 0.000487 -0.127840;
15025 -4.296098 -3.573038 -0.268634 -0.001531 0.000539 -0.132151;
15030 -4.304500 -3.570238 -0.303171 -0.001679 0.000593 -0.136224;
15035 -4.313073 -3.566900 -0.340895 -0.001833 0.000650 -0.140052;
15040 -4.321784 -3.562976 -0.381727 -0.001991 0.000711 -0.143642;
15045 -4.330605 -3.558421 -0.425940 -0.002154 0.000774 -0.147016;
15050 -4.339505 -3.553188 -0.473003 -0.002322 0.000841 -0.150195;
15055 -4.348459 -3.547227 -0.523064 -0.002495 0.000913 -0.153171;
15060 -4.357437 -3.540498 -0.575690 -0.002673 0.000988 -0.155950;
15065 -4.366412 -3.532969 -0.630031 -0.002856 0.001067 -0.158552;
15070 -4.375357 -3.524623 -0.686010 -0.003043 0.001151 -0.160970;
15075 -4.384244 -3.515452 -0.743205 -0.003236 0.001239 -0.163195;
15080 -4.393050 -3.505446 -0.802211 -0.003433 0.001332 -0.165233;
15085 -4.401747 -3.494604 -0.863119 -0.003636 0.001430 -0.167091;
15090 -4.410305 -3.482926 -0.925665 -0.003844 0.001532 -0.168773;
15095 -4.418694 -3.470423 -0.990030 -0.004057 0.001639 -0.170299;
15100 -4.426883 -3.457110 -1.055513 -0.004274 0.001751 -0.171704;
15105 -4.434841 -3.443005 -1.121618 -0.004496 0.001867 -0.172991;
15110 -4.442536 -3.428122 -1.187298 -0.004723 0.001988 -0.174137;
15115 -4.449936 -3.412482 -1.251727 -0.004953 0.002113 -0.175131;
15120 -4.457008 -3.396107 -1.314900 -0.005186 0.002243 -0.175980;
15125 -4.463726 -3.379024 -1.377115 -0.005422 0.002378 -0.176687;
15130 -4.470065 -3.361256 -1.439361 -0.005661 0.002516 -0.177258;
15135 -4.476009 -3.342826 -1.501973 -0.005901 0.002659 -0.177698;
15140 -4.481540 -3.323752 -1.565141 -0.006144 0.002807 -0.178010;
15145 -4.486640 -3.304052 -1.629004 -0.006388 0.002958 -0.178199;
15150 -4.491295 -3.283746 -1.693649 -0.006633 0.003114 -0.178269;
15155 -4.495489 -3.262858 -1.759117 -0.006879 0.003274 -0.178225;
15160 -4.499209 -3.241407 -1.824747 -0.007126 0.003439 -0.178070;
15165 -4.502443 -3.219408 -1.889646 -0.007373 0.003607 -0.177809;
15170 -4.505177 -3.196872 -1.952869 -0.007620 0.003780 -0.177446;
15175 -4.507395 -3.173808 -2.014515 -0.007867 0.003956 -0.176969;
15180 -4.509088 -3.150227 -2.075292 -0.008114 0.004137 -0.176369;
15185 -4.510247 -3.126148 -2.135880 -0.008361 0.004322 -0.175665;
15190 -4.510872 -3.101587 -2.196537 -0.008607 0.004511 -0.174874;
15195 -4.510963 -3.076560 -2.256944 -0.008853 0.004703 -0.173999;
15200 -4.510521 -3.051079 -2.317319 -0.009098 0.004900 -0.173044;
15205 -4.509548 -3.025154 -2.377870 -0.009342 0.005101 -0.172011;
15210 -4.508046 -2.998798 -2.439060 -0.009585 0.005305 -0.170905;
15215 -4.506022 -2.972029 -2.500937 -0.009827 0.005513 -0.169714;
15220 -4.503481 -2.944862 -2.562676 -0.010067 0.005724 -0.168427;
15225 -4.500431 -2.917312 -2.623485 -0.010305 0.005938 -0.167062;
15230 -4.496873 -2.889386 -2.682650 -0.010541 0.006155 -0.165636;
15235 -4.492812 -2.861090 -2.740011 -0.010776 0.006375 -0.164151;
15240 -4.488250 -2.832434 -2.795504 -0.011008 0.006597 -0.162611;
15245 -4.483192 -2.803430 -2.849112 -0.011237 0.006822 -0.161018;
15250 -4.477642 -2.774088 -2.900820 -0.011465 0.007049 -0.159374;
15255 -4.471606 -2.744420 -2.950749 -0.011689 0.007278 -0.157668;
15260 -4.465088 -2.714436 -2.999233 -0.011911 0.007510 -0.155888;
15265 -4.458097 -2.684150 -3.047029 -0.012131 0.007743 -0.154052;
15270 -4.450641 -2.653574 -3.095169 -0.012349 0.007978 -0.152175;
15275 -4.442733 -2.622719 -3.143727 -0.012564 0.008215 -0.150261;
15280 -4.434384 -2.591595 -3.192249 -0.012776 0.008454 -0.148311;
15285 -4.425604 -2.560210 -3.239865 -0.012986 0.008694 -0.146327;
15290 -4.416404 -2.528571 -3.286219 -0.013194 0.008937 -0.144312;
15295 -4.406795 -2.496681 -3.331453 -0.013399 0.009181 -0.142225;
15300 -4.396788 -2.464542 -3.375572 -0.013601 0.009426 -0.140026;
15305 -4.386400 -2.432157 -3.418976 -0.013801 0.009673 -0.137761;
15310 -4.375648 -2.399534 -3.461436 -0.013998 0.009922 -0.135476;
15315 -4.364553 -2.366686 -3.502736 -0.014193 0.010171 -0.133173;
15320 -4.353135 -2.333627 -3.543148 -0.014386 0.010422 -0.130853;
15325 -4.341414 -2.300370 -3.582584 -0.014576 0.010674 -0.128517;
15330 -4.329411 -2.266922 -3.620527 -0.014765 0.010927 -0.126153;
15335 -4.317138 -2.233293 -3.656437 -0.014952 0.011180 -0.123721;
15340 -4.304608 -2.199489 -3.690015 -0.015137 0.011434 -0.121209;
15345 -4.291832 -2.165524 -3.721199 -0.015319 0.011689 -0.118662;
15350 -4.278821 -2.131410 -3.750188 -0.015499 0.011943 -0.116111;
15355 -4.265584 -2.097163 -3.777135 -0.015676 0.012199 -0.113557;
15360 -4.252130 -2.062799 -3.802231 -0.015851 0.012454 -0.110987;
15365 -4.238465 -2.028334 -3.825618 -0.016023 0.012710 -0.108388;
15370 -4.224599 -1.993795 -3.847736 -0.016192 0.012967 -0.105777;
15375 -4.210541 -1.959203 -3.868707 -0.016359 0.013224 -0.103141;
15380 -4.196300 -1.924577 -3.887816 -0.016523 0.013482 -0.100438;
15385 -4.181883 -1.889926 -3.904382 -0.016684 0.013740 -0.097687;
15390 -4.167295 -1.855252 -3.918103 -0.016841 0.013999 -0.094931;
15395 -4.152538 -1.820557 -3.929258 -0.016995 0.014257 -0.092186;
15400 -4.137619 -1.785846 -3.938118 -0.017145 0.014516 -0.089453;
15405 -4.122545 -1.751127 -3.944682 -0.017291 0.014774 -0.086719;
15410 -4.107325 -1.716403 -3.948560 -0.017434 0.015033 -0.083969;
15415 -4.091965 -1.681676 -3.949814 -0.017573 0.015290 -0.081235;
15420 -4.076475 -1.646940 -3.948945 -0.017709 0.015548 -0.078545;
15425 -4.060865 -1.612193 -3.946521 -0.017841 0.015804 -0.075885;
15430 -4.045146 -1.577432 -3.943132 -0.017970 0.016061 -0.073242;
15435 -4.029331 -1.542659 -3.938516 -0.018096 0.016317 -0.070615;
15440 -4.013436 -1.507875 -3.932553 -0.018218 0.016572 -0.067992;
15445 -3.997476 -1.473082 -3.925042 -0.018337 0.016827 -0.065358;
15450 -3.981465 -1.438284 -3.915923 -0.018453 0.017082 -0.062731;
15455 -3.965415 -1.403484 -3.905008 -0.018566 0.017336 -0.060095;
15460 -3.949334 -1.368686 -3.891640 -0.018676 0.017590 -0.057425;
15465 -3.933233 -1.333891 -3.875627 -0.018783 0.017843 -0.054750;
15470 -3.917120 -1.299104 -3.856613 -0.018887 0.018095 -0.052100;
15475 -3.901003 -1.264329 -3.834958 -0.018988 0.018346 -0.049475;
15480 -3.884889 -1.229569 -3.811268 -0.019086 0.018596 -0.046875;
15485 -3.868787 -1.194824 -3.785650 -0.019181 0.018844 -0.044287;
15490 -3.852707 -1.160092 -3.758033 -0.019273 0.019091 -0.041697;
15495 -3.836659 -1.125377 -3.728000 -0.019362 0.019337 -0.039107;
15500 -3.820652 -1.090691 -3.695590 -0.019449 0.019582 -0.036516;
15505 -3.804697 -1.056054 -3.661062 -0.019532 0.019824 -0.033941;
15510 -3.788805 -1.021491 -3.624709 -0.019614 0.020066 -0.031395;
15515 -3.772985 -0.987020 -3.587163 -0.019693 0.020306 -0.028880;
15520 -3.757246 -0.952658 -3.548724 -0.019769 0.020544 -0.026394;
15525 -3.741598 -0.918419 -3.509726 -0.019844 0.020781 -0.023940;
15530 -3.726049 -0.884317 -3.470619 -0.019916 0.021017 -0.021515;
15535 -3.710607 -0.850367 -3.431443 -0.019986 0.021250 -0.019108;
