residue = [
11810 -5.053265 1.532037 -0.000000 -0.000001 0.000001 -0.009981;
11815 -5.053780 1.532113 -0.000567 -0.000003 0.000005 -0.019625;
11820 -5.054520 1.532237 -0.001459 -0.000008 0.000013 -0.028899;
11825 -5.055453 1.532421 -0.002139 -0.000015 0.000025 -0.037816;
11830 -5.056546 1.532674 -0.003574 -0.000024 0.000040 -0.046385;
11835 -5.057759 1.532999 -0.005819 -0.000036 0.000059 -0.054603;
11840 -5.059055 1.533398 -0.008969 -0.000049 0.000080 -0.062494;
11845 -5.060401 1.533869 -0.013029 -0.000065 0.000105 -0.070068;
11850 -5.061768 1.534410 -0.017694 -0.000083 0.000132 -0.077320;
11855 -5.063124 1.535015 -0.023503 -0.000104 0.000161 -0.084261;
11860 -5.064440 1.535681 -0.030753 -0.000126 0.000194 -0.090884;
11865 -5.065681 1.536409 -0.039725 -0.000151 0.000229 -0.097186;
11870 -5.066605 1.537090 -0.052786 -0.000178 0.000267 -0.102794;
11875 -5.066769 1.537506 -0.072021 -0.000208 0.000307 -0.107375;
11880 -5.065970 1.537548 -0.094150 -0.000241 0.000351 -0.111378;
11885 -5.064231 1.537209 -0.116152 -0.000278 0.000398 -0.115271;
11890 -5.061566 1.536444 -0.136443 -0.000318 0.000448 -0.119044;
11895 -5.057982 1.535171 -0.153767 -0.000363 0.000500 -0.122617;
11900 -5.053483 1.533287 -0.170367 -0.000412 0.000554 -0.126040;
11905 -5.048023 1.530549 3.575860 -0.000466 0.000609 -0.119238;
11910 -5.041534 1.526666 7.170979 -0.000525 0.000663 -0.112368;
11915 -5.034002 1.521535 10.622205 -0.000589 0.000716 -0.105516;
11920 -5.025447 1.515175 13.933223 -0.000658 0.000767 -0.098752;
11925 -5.015818 1.507522 17.109926 -0.000732 0.000817 -0.091903;
11930 -5.004986 1.498433 20.158831 -0.000810 0.000864 -0.084804;
11935 -4.992904 1.487872 23.085011 -0.000892 0.000910 -0.077656;
11940 -4.979600 1.475892 25.892761 -0.000977 0.000955 -0.070646;
11945 -4.965050 1.462553 28.585236 -0.001066 0.000998 -0.063487;
11950 -4.949056 1.447814 31.170303 -0.001158 0.001039 -0.054250;
11955 -4.931347 1.431517 33.656860 -0.001252 0.001078 -0.041589;
11960 -4.911846 1.413619 36.044754 -0.001349 0.001114 -0.027533;
11965 -4.890606 1.394185 38.333172 -0.001450 0.001148 -0.013797;
11970 -4.867592 1.373232 40.524441 -0.001552 0.001179 -0.000136;
11975 -4.842677 1.350719 42.621407 -0.001656 0.001208 0.013675;
11980 -4.815823 1.326666 44.630424 -0.001759 0.001236 0.027375;
11985 -4.787083 1.301153 46.557323 -0.001863 0.001263 0.040740;
11990 -4.756453 1.274265 48.402637 -0.001967 0.001290 0.053562;
11995 -4.723878 1.246101 50.167057 -0.002069 0.001316 0.065612;
12000 -4.689377 1.216751 51.856129 -0.002170 0.001341 0.077075;
12005 -4.653028 1.186300 53.475353 -0.002269 0.001366 0.088161;
12010 -4.614852 1.154968 55.020756 -0.002366 0.001389 0.099103;
12015 -4.574807 1.123109 56.487396 -0.002460 0.001410 0.110112;
12020 -4.532903 1.090932 57.884781 -0.002550 0.001429 0.121003;
12025 -4.489205 1.058499 59.222675 -0.002636 0.001445 0.131579;
12030 -4.443765 1.025890 60.503380 -0.002718 0.001459 0.141844;
12035 -4.396622 0.993196 61.728977 -0.002796 0.001470 0.151818;
12040 -4.347829 0.960495 62.902287 -0.002870 0.001480 0.161492;
12045 -4.297447 0.927840 64.026581 -0.002941 0.001488 0.170858;
12050 -4.245536 0.895281 65.103302 -0.003009 0.001494 0.179920;
12055 -4.192156 0.862865 66.134422 -0.003072 0.001499 0.188684;
12060 -4.137366 0.830642 67.122520 -0.003133 0.001501 0.197169;
12065 -4.081224 0.798663 68.069733 -0.003189 0.001502 0.205395;
12070 -4.023790 0.766979 68.978775 -0.003242 0.001502 0.213352;
12075 -3.965123 0.735633 69.850990 -0.003292 0.001500 0.221044;
12080 -3.905279 0.704662 70.688179 -0.003337 0.001497 0.228506;
12085 -3.844314 0.674101 71.491623 -0.003379 0.001492 0.235740;
12090 -3.782277 0.643990 72.260605 -0.003417 0.001487 0.242722;
12095 -3.719215 0.614381 72.996346 -0.003451 0.001482 0.249443;
12100 -3.655171 0.585339 73.700401 -0.003481 0.001475 0.255965;
12105 -3.590181 0.556942 74.373489 -0.003507 0.001469 0.262346;
12110 -3.524299 0.529249 75.017967 -0.003530 0.001463 0.268534;
12115 -3.457590 0.502293 75.635818 -0.003548 0.001457 0.274474;
12120 -3.390118 0.476088 76.228027 -0.003562 0.001452 0.280171;
12125 -3.321947 0.450643 76.796722 -0.003572 0.001447 0.285631;
12130 -3.253147 0.425989 77.343758 -0.003577 0.001443 0.290942;
12135 -3.183799 0.402174 77.869141 -0.003578 0.001441 0.296191;
12140 -3.113967 0.379218 78.373589 -0.003575 0.001440 0.301295;
12145 -3.043717 0.357121 78.858513 -0.003568 0.001440 0.306170;
12150 -2.973124 0.335899 79.324158 -0.003556 0.001442 0.310836;
12155 -2.902262 0.315576 79.770287 -0.003540 0.001446 0.315537;
12160 -2.831221 0.296185 80.195709 -0.003520 0.001451 0.320497;
12165 -2.760089 0.277761 80.599884 -0.003495 0.001459 0.325496;
12170 -2.688939 0.260317 80.985344 -0.003467 0.001469 0.330321;
12175 -2.617833 0.243853 81.353241 -0.003435 0.001481 0.334962;
12180 -2.546827 0.228366 81.700020 -0.003399 0.001495 0.339449;
12185 -2.475969 0.213856 82.020714 -0.003359 0.001511 0.343842;
12190 -2.405302 0.200328 82.310509 -0.003316 0.001528 0.348114;
12195 -2.334861 0.187793 82.566185 -0.003271 0.001547 0.352211;
12200 -2.264674 0.176264 82.786728 -0.003222 0.001569 0.356122;
12205 -2.194761 0.165757 82.971397 -0.003171 0.001592 0.359864;
12210 -2.125139 0.156289 83.119308 -0.003118 0.001617 0.363454;
12215 -2.055814 0.147877 83.228424 -0.003063 0.001644 0.366883;
12220 -1.986793 0.140542 83.296982 -0.003007 0.001673 0.370335;
12225 -1.918078 0.134303 83.324074 -0.002950 0.001704 0.374008;
12230 -1.849664 0.129181 83.309128 -0.002894 0.001737 0.377698;
12235 -1.781541 0.125193 83.251808 -0.002839 0.001773 0.381220;
12240 -1.713692 0.122369 83.150589 -0.002786 0.001810 0.384591;
12245 -1.646099 0.120755 83.003525 -0.002734 0.001850 0.387801;
12250 -1.578736 0.120395 82.809814 -0.002684 0.001891 0.390838;
12255 -1.511568 0.121328 82.570053 -0.002636 0.001936 0.393719;
12260 -1.444558 0.123583 82.285347 -0.002591 0.001982 0.396435;
12265 -1.377669 0.127183 81.956375 -0.002549 0.002032 0.398959;
12270 -1.310872 0.132156 81.583199 -0.002509 0.002085 0.401311;
12275 -1.244146 0.138525 81.167435 -0.002472 0.002141 0.403493;
12280 -1.177470 0.146295 80.711594 -0.002438 0.002202 0.405510;
12285 -1.110829 0.155455 80.217346 -0.002408 0.002267 0.407392;
12290 -1.044215 0.165982 79.685997 -0.002382 0.002337 0.409143;
12295 -0.977629 0.177853 79.117645 -0.002361 0.002412 0.410752;
12300 -0.911084 0.191030 78.514542 -0.002344 0.002494 0.412207;
12305 -0.844597 0.205460 77.879700 -0.002331 0.002582 0.413483;
12310 -0.778197 0.221080 77.214020 -0.002324 0.002678 0.414586;
12315 -0.711922 0.237823 76.518410 -0.002322 0.002782 0.415546;
12320 -0.645821 0.255617 75.792046 -0.002325 0.002893 0.416381;
12325 -0.579946 0.274380 75.035637 -0.002333 0.003014 0.417095;
12330 -0.514351 0.294013 74.251129 -0.002346 0.003143 0.417689;
12335 -0.449099 0.314410 73.438988 -0.002365 0.003282 0.418167;
12340 -0.384264 0.335462 72.600357 -0.002388 0.003431 0.418616;
12345 -0.319933 0.357060 71.735519 -0.002417 0.003591 0.419122;
12350 -0.256195 0.379088 70.845444 -0.002450 0.003763 0.419598;
12355 -0.193143 0.401425 69.931885 -0.002489 0.003946 0.419946;
12360 -0.130874 0.423954 68.996330 -0.002532 0.004142 0.420156;
12365 -0.069488 0.446564 68.040848 -0.002578 0.004351 0.420245;
12370 -0.009089 0.469146 67.067818 -0.002629 0.004574 0.420229;
12375 0.050229 0.491589 66.079163 -0.002684 0.004810 0.420112;
12380 0.108379 0.513793 65.076172 -0.002743 0.005060 0.420108;
12385 0.165276 0.535655 64.060112 -0.002807 0.005322 0.420426;
12390 0.220831 0.557081 63.031532 -0.002875 0.005599 0.420860;
12395 0.274954 0.577977 61.991051 -0.002948 0.005888 0.421197;
12400 0.327555 0.598256 60.939201 -0.003026 0.006190 0.421424;
12405 0.378550 0.617839 59.877186 -0.003107 0.006506 0.421544;
12410 0.427862 0.636653 58.807610 -0.003190 0.006837 0.421545;
12415 0.475418 0.654630 57.732410 -0.003276 0.007183 0.421432;
12420 0.521150 0.671708 56.653004 -0.003362 0.007547 0.421346;
12425 0.564991 0.687826 55.569180 -0.003450 0.007926 0.421402;
