residue = [
9400 -0.948050 -1.552037 -0.000000 0.000003 0.000000 0.000000;
9405 -0.948149 -1.330313 -0.000611 -0.000618 0.000000 0.000000;
9410 -0.948303 -1.122152 -0.003640 -0.001819 0.000001 -0.000014;
9415 -0.948519 -0.926745 -0.010248 -0.003558 0.000003 -0.000056;
9420 -0.948803 -0.743328 -0.020152 -0.005798 0.000005 -0.000111;
9425 -0.949160 -0.571174 -0.033033 -0.008503 0.000008 -0.000165;
9430 -0.949584 -0.409592 -0.050063 -0.011639 0.000012 -0.000246;
9435 -0.950067 -0.257920 -0.073194 -0.015175 0.000017 -0.000381;
9440 -0.950605 -0.115538 -0.102372 -0.019081 0.000022 -0.000555;
9445 -0.951201 0.018132 -0.136231 -0.023330 0.000027 -0.000753;
9450 -0.951855 0.143633 -0.173280 -0.027895 0.000033 -0.000960;
9455 -0.952566 0.261475 -0.212133 -0.032752 0.000040 -0.001163;
9460 -0.953329 0.372132 -0.251633 -0.037879 0.000047 -0.001374;
9465 -0.954133 0.476050 -0.291807 -0.043253 0.000056 -0.001608;
9470 -0.954974 0.573647 -0.333767 -0.048856 0.000064 -0.001850;
9475 -0.955850 0.665315 -0.379365 -0.054667 0.000074 -0.002086;
9480 -0.956770 0.751426 -0.430374 -0.060669 0.000084 -0.002315;
9485 -0.957734 0.832323 -0.485608 -0.066846 0.000096 -0.002539;
9490 -0.958741 0.908325 -0.542967 -0.073182 0.000107 -0.002770;
9495 -0.959787 0.979725 -0.602398 -0.079662 0.000120 -0.003024;
9500 -0.960873 1.046797 -0.664635 -0.086274 0.000133 -0.003284;
9505 -0.961999 1.109796 -0.729854 -0.093004 0.000147 -0.003552;
9510 -0.963172 1.168960 -0.798006 -0.099841 0.000161 -0.003841;
9515 -0.964396 1.224498 -0.869910 -0.106775 0.000176 -0.004149;
9520 -0.965672 1.276592 -0.945827 -0.113793 0.000191 -0.004478;
9525 -0.967002 1.325416 -1.024258 -0.120888 0.000207 -0.004811;
9530 -0.968388 1.371135 -1.104768 -0.128050 0.000222 -0.005150;
9535 -0.969831 1.413838 -1.194220 -0.135271 0.000238 -0.005563;
9540 -0.971330 1.453529 -1.298754 -0.142542 0.000254 -0.006092;
9545 -0.972883 1.490264 -1.410410 -0.149857 0.000269 -0.006663;
9550 -0.974489 1.524153 -1.521290 -0.157208 0.000285 -0.007233;
9555 -0.976148 1.555289 -1.631631 -0.164588 0.000300 -0.007787;
9560 -0.977856 1.583757 -1.741532 -0.171989 0.000315 -0.008284;
9565 -0.979829 1.608984 -1.916963 -0.179402 0.000327 -0.008992;
9570 -0.982500 1.629795 -2.221022 -0.186808 0.000333 -0.010203;
9575 -0.986068 1.645753 -2.581552 -0.194198 0.000329 -0.011664;
9580 -0.990504 1.657103 -2.928750 -0.201567 0.000316 -0.013101;
9585 -0.995777 1.664077 -3.261460 -0.208909 0.000293 -0.014501;
9590 -1.001858 1.666897 -3.579981 -0.216223 0.000261 -0.015934;
9595 -1.008717 1.665774 -3.883477 -0.223504 0.000219 -0.017469;
9600 -1.016327 1.660916 -4.171032 -0.230750 0.000167 -0.019048;
9605 -1.024659 1.652519 -4.442826 -0.237956 0.000106 -0.020611;
9610 -1.033681 1.640770 -4.699309 -0.245122 0.000036 -0.022146;
9615 -1.043365 1.625850 -4.942278 -0.252242 -0.000045 -0.023638;
9620 -1.053681 1.607930 -5.172379 -0.259316 -0.000134 -0.025088;
9625 -1.064602 1.587178 -5.390285 -0.266339 -0.000234 -0.026510;
9630 -1.076101 1.563757 -5.596564 -0.273310 -0.000342 -0.027933;
9635 -1.088152 1.537823 -5.791729 -0.280226 -0.000461 -0.029356;
9640 -1.100713 1.509530 -5.979556 -0.287086 -0.000588 -0.030765;
9645 -1.113723 1.479022 -6.161616 -0.293887 -0.000727 -0.032103;
9650 -1.127119 1.446426 -6.333361 -0.300627 -0.000876 -0.033301;
9655 -1.140850 1.411859 -6.491266 -0.307305 -0.001035 -0.034405;
9660 -1.154881 1.375425 -6.636065 -0.313920 -0.001206 -0.035472;
9665 -1.169179 1.337220 -6.768562 -0.320472 -0.001387 -0.036504;
9670 -1.183715 1.297333 -6.887925 -0.326958 -0.001580 -0.037500;
9675 -1.198453 1.255843 -6.993889 -0.333379 -0.001783 -0.038461;
9680 -1.213359 1.212833 -7.087786 -0.339732 -0.001996 -0.039332;
9685 -1.228397 1.168382 -7.173171 -0.346016 -0.002221 -0.040057;
9690 -1.243508 1.122544 -7.253285 -0.352229 -0.002457 -0.040683;
9695 -1.258616 1.075366 -7.326050 -0.358369 -0.002705 -0.041253;
9700 -1.273652 1.026908 -7.386162 -0.364434 -0.002965 -0.041784;
9705 -1.288561 0.977235 -7.430819 -0.370424 -0.003238 -0.042290;
9710 -1.303299 0.926428 -7.462276 -0.376338 -0.003524 -0.042756;
9715 -1.317832 0.874585 -7.483275 -0.382176 -0.003822 -0.043171;
9720 -1.332126 0.821807 -7.493531 -0.387937 -0.004132 -0.043535;
9725 -1.346156 0.768179 -7.493697 -0.393619 -0.004455 -0.043849;
9730 -1.359896 0.713781 -7.485934 -0.399224 -0.004791 -0.044128;
9735 -1.373318 0.658690 -7.469879 -0.404750 -0.005138 -0.044387;
9740 -1.386397 0.602995 -7.444840 -0.410199 -0.005498 -0.044627;
9745 -1.399111 0.546789 -7.411430 -0.415569 -0.005870 -0.044848;
9750 -1.411442 0.490164 -7.369545 -0.420862 -0.006254 -0.045065;
9755 -1.423369 0.433208 -7.320269 -0.426076 -0.006651 -0.045290;
9760 -1.434876 0.376007 -7.263823 -0.431212 -0.007059 -0.045512;
9765 -1.445944 0.318640 -7.200028 -0.436270 -0.007479 -0.045714;
9770 -1.456547 0.261195 -7.128899 -0.441251 -0.007912 -0.045898;
9775 -1.466658 0.203778 -7.048619 -0.446154 -0.008357 -0.046063;
9780 -1.476263 0.146486 -6.959989 -0.450979 -0.008814 -0.046211;
9785 -1.485357 0.089408 -6.865396 -0.455727 -0.009284 -0.046342;
9790 -1.493932 0.032629 -6.764910 -0.460399 -0.009765 -0.046455;
9795 -1.501976 -0.023772 -6.658646 -0.464995 -0.010258 -0.046538;
9800 -1.509477 -0.079724 -6.547027 -0.469516 -0.010762 -0.046577;
9805 -1.516432 -0.135163 -6.430416 -0.473962 -0.011278 -0.046587;
9810 -1.522840 -0.190023 -6.309693 -0.478335 -0.011806 -0.046582;
9815 -1.528704 -0.244239 -6.184786 -0.482634 -0.012346 -0.046564;
9820 -1.534026 -0.297747 -6.055720 -0.486861 -0.012897 -0.046532;
9825 -1.538805 -0.350488 -5.922302 -0.491016 -0.013461 -0.046459;
9830 -1.543016 -0.402375 -5.780775 -0.495099 -0.014036 -0.046317;
9835 -1.546622 -0.453295 -5.628721 -0.499112 -0.014622 -0.046136;
9840 -1.549609 -0.503183 -5.471426 -0.503053 -0.015221 -0.045890;
9845 -1.551983 -0.552022 -5.313695 -0.506926 -0.015831 -0.045522;
9850 -1.368154 -0.821589 -5.155036 -0.510094 -0.016090 -0.045093;
9855 -1.189465 -1.076539 -4.995237 -0.512602 -0.016012 -0.044660;
9860 -1.015745 -1.317672 -4.834706 -0.514491 -0.015610 -0.044225;
9865 -0.846827 -1.545737 -4.673269 -0.515799 -0.014898 -0.043786;
9870 -0.682548 -1.761446 -4.511283 -0.516562 -0.013889 -0.043331;
9875 -0.522748 -1.965465 -4.348960 -0.516814 -0.012595 -0.042845;
9880 -0.367273 -2.158422 -4.186505 -0.516587 -0.011028 -0.042301;
9885 -0.215974 -2.340905 -4.024286 -0.515910 -0.009199 -0.041673;
9890 -0.068714 -2.513459 -3.862047 -0.514811 -0.007120 -0.041004;
9895 0.074644 -2.676601 -3.699760 -0.513317 -0.004801 -0.040325;
9900 0.214232 -2.830817 -3.537443 -0.511452 -0.002253 -0.039622;
9905 0.350182 -2.976567 -3.375330 -0.509239 0.000515 -0.038909;
9910 0.482623 -3.114287 -3.214344 -0.506701 0.003493 -0.038202;
9915 0.611680 -3.244387 -3.055194 -0.503857 0.006671 -0.037500;
9920 0.737469 -3.367249 -2.898340 -0.500728 0.010040 -0.036831;
9925 0.860099 -3.483234 -2.743610 -0.497333 0.013591 -0.036223;
9930 0.979672 -3.592676 -2.590707 -0.493687 0.017318 -0.035647;
9935 1.096285 -3.695892 -2.439475 -0.489808 0.021210 -0.035074;
9940 1.210031 -3.793178 -2.290025 -0.485711 0.025261 -0.034504;
9945 1.320997 -3.884811 -2.142984 -0.481410 0.029461 -0.033937;
9950 1.429265 -3.971051 -1.998648 -0.476918 0.033805 -0.033374;
9955 1.534908 -4.052140 -1.857121 -0.472247 0.038284 -0.032813;
9960 1.637991 -4.128304 -1.717892 -0.467410 0.042893 -0.032313;
9965 1.738575 -4.199753 -1.580860 -0.462418 0.047623 -0.031927;
9970 1.836720 -4.266681 -1.446188 -0.457280 0.052470 -0.031598;
9975 1.932479 -4.329264 -1.313901 -0.452006 0.057426 -0.031266;
9980 2.025903 -4.387665 -1.184848 -0.446606 0.062485 -0.030934;
9985 2.117034 -4.442030 -1.059403 -0.441088 0.067642 -0.030599;
9990 2.205910 -4.492500 -0.937662 -0.435460 0.072892 -0.030264;
9995 2.292557 -4.539202 -0.819539 -0.429730 0.078228 -0.029927;
10000 2.377003 -4.582257 -0.704509 -0.423904 0.083646 -0.029632;
10005 2.459273 -4.621776 -0.592593 -0.417991 0.089141 -0.029433;
10010 2.539388 -4.657856 -0.483152 -0.411996 0.094708 -0.029301;
