residue = [
13950 -4.479235 -2.513060 0.000000 -0.000003 0.000001 -0.009981;
13955 -4.479687 -2.513182 -0.000087 -0.000014 0.000006 -0.019625;
13960 -4.480321 -2.513373 -0.000038 -0.000037 0.000015 -0.028899;
13965 -4.481097 -2.513639 0.000881 -0.000070 0.000028 -0.037802;
13970 -4.481971 -2.513987 0.002590 -0.000115 0.000045 -0.046371;
13975 -4.482899 -2.514419 0.004227 -0.000169 0.000065 -0.054646;
13980 -4.483833 -2.514939 0.005618 -0.000235 0.000087 -0.062593;
13985 -4.484716 -2.515548 0.007252 -0.000312 0.000113 -0.070178;
13990 -4.485489 -2.516244 0.009990 -0.000400 0.000140 -0.077428;
13995 -4.486068 -2.517028 0.015746 -0.000499 0.000169 -0.084337;
14000 -4.486348 -2.517900 0.025439 -0.000610 0.000200 -0.090874;
14005 -4.486240 -2.518861 0.036846 -0.000732 0.000231 -0.097063;
14010 -4.485680 -2.519907 0.047399 -0.000865 0.000263 -0.102943;
14015 -4.484603 -2.521036 0.055511 -0.001009 0.000296 -0.108522;
14020 -4.482953 -2.522241 0.060881 -0.001165 0.000329 -0.113810;
14025 -4.480678 -2.523519 0.064579 -0.001332 0.000362 -0.118815;
14030 -4.477726 -2.524865 0.067281 -0.001510 0.000396 -0.123546;
14035 -4.474048 -2.526277 0.069287 -0.001700 0.000430 -0.128012;
14040 -4.469590 -2.527753 0.070580 -0.001900 0.000464 -0.132219;
14045 -4.464300 -2.529291 0.070840 -0.002111 0.000497 -0.136219;
14050 -4.458125 -2.530889 0.069804 -0.002332 0.000531 -0.140061;
14055 -4.451018 -2.532543 0.067439 -0.002564 0.000563 -0.143707;
14060 -4.442933 -2.534254 0.064500 -0.002807 0.000595 -0.147121;
14065 -4.433824 -2.536023 0.062148 -0.003059 0.000626 -0.150311;
14070 -4.423646 -2.537851 0.061538 -0.003322 0.000656 -0.153283;
14075 -4.412357 -2.539740 0.063604 -0.003595 0.000685 -0.156045;
14080 -4.399919 -2.541694 0.068101 -0.003877 0.000712 -0.158588;
14085 -4.386299 -2.543721 0.074008 -0.004170 0.000738 -0.160976;
14090 -4.371474 -2.545829 0.080129 -0.004472 0.000762 -0.163299;
14095 -4.355428 -2.548029 0.084922 -0.004784 0.000786 -0.165503;
14100 -4.338149 -2.550334 0.087565 -0.005105 0.000808 -0.167523;
14105 -4.319626 -2.552755 0.088318 -0.005436 0.000829 -0.169363;
14110 -4.299850 -2.555306 0.088001 -0.005776 0.000850 -0.171030;
14115 -4.278810 -2.558008 0.087793 -0.006126 0.000869 -0.172529;
14120 -4.256494 -2.560881 0.088125 -0.006484 0.000887 -0.173865;
14125 -4.232889 -2.563951 0.088495 -0.006852 0.000904 -0.175101;
14130 -4.207983 -2.567243 0.087635 -0.007229 0.000920 -0.176297;
14135 -4.181762 -2.570781 0.084419 -0.007615 0.000934 -0.177398;
14140 -4.154218 -2.574590 0.079777 -0.008011 0.000947 -0.178351;
14145 -4.125341 -2.578695 0.075559 -0.008415 0.000958 -0.179161;
14150 -4.095128 -2.583121 0.073978 -0.008827 0.000967 -0.179834;
14155 -4.063579 -2.587894 0.076890 -0.009247 0.000975 -0.180373;
14160 -4.030700 -2.593038 0.084323 -0.009675 0.000980 -0.180783;
14165 -3.996503 -2.598578 0.095562 -0.010111 0.000984 -0.181111;
14170 -3.961001 -2.604540 0.108955 -0.010554 0.000986 -0.181402;
14175 -3.924210 -2.610947 0.122874 -0.011003 0.000986 -0.181616;
14180 -3.886147 -2.617818 0.136849 -0.011458 0.000985 -0.181714;
14185 -3.846832 -2.625169 0.151608 -0.011919 0.000982 -0.181700;
14190 -3.806284 -2.633011 0.168850 -0.012386 0.000978 -0.181577;
14195 -3.764521 -2.641358 0.188587 -0.012858 0.000973 -0.181350;
14200 -3.721557 -2.650226 0.209172 -0.013335 0.000966 -0.181021;
14205 -3.677408 -2.659628 0.228064 -0.013817 0.000958 -0.180638;
14210 -3.632088 -2.669579 0.242522 -0.014303 0.000949 -0.180245;
14215 -3.585619 -2.680088 0.251803 -0.014795 0.000939 -0.179800;
14220 -3.538024 -2.691160 0.257114 -0.015291 0.000927 -0.179264;
14225 -3.489329 -2.702795 0.261014 -0.015791 0.000913 -0.178640;
14230 -3.439566 -2.714988 0.266220 -0.016295 0.000899 -0.177932;
14235 -3.388775 -2.727731 0.274242 -0.016803 0.000883 -0.177142;
14240 -3.336999 -2.741016 0.284610 -0.017313 0.000867 -0.176274;
14245 -3.284288 -2.754835 0.295689 -0.017826 0.000849 -0.175330;
14250 -3.230694 -2.769178 0.307223 -0.018342 0.000830 -0.174314;
14255 -3.176268 -2.784033 0.320141 -0.018861 0.000810 -0.173228;
14260 -3.121061 -2.799380 0.336078 -0.019382 0.000789 -0.172075;
14265 -3.065124 -2.815199 0.357074 -0.019905 0.000767 -0.170858;
14270 -3.008507 -2.831466 0.383905 -0.020429 0.000743 -0.169579;
14275 -2.951256 -2.848158 0.415697 -0.020954 0.000719 -0.168240;
14280 -2.893416 -2.865250 0.450121 -0.021480 0.000693 -0.166846;
14285 -2.835031 -2.882717 0.484507 -0.022007 0.000666 -0.165368;
14290 -2.776142 -2.900529 0.517079 -0.022534 0.000637 -0.163769;
14295 -2.716793 -2.918651 0.547754 -0.023062 0.000607 -0.162067;
14300 -2.657027 -2.937046 0.578108 -0.023590 0.000574 -0.160306;
14305 -2.596885 -2.955673 0.609262 -0.024118 0.000541 -0.158505;
14310 -2.536412 -2.974496 0.641200 -0.024646 0.000506 -0.156650;
14315 -2.475654 -2.993479 0.673160 -0.025174 0.000469 -0.154730;
14320 -2.414657 -3.012588 0.703719 -0.025701 0.000430 -0.152762;
14325 -2.353468 -3.031787 0.731947 -0.026228 0.000390 -0.150777;
14330 -2.292128 -3.051041 0.758218 -0.026754 0.000349 -0.148789;
14335 -2.230673 -3.070314 0.783901 -0.027278 0.000306 -0.146787;
14340 -2.169137 -3.089570 0.811133 -0.027801 0.000261 -0.144756;
14345 -2.107551 -3.108772 0.842357 -0.028322 0.000215 -0.142686;
14350 -2.045944 -3.127885 0.879124 -0.028840 0.000167 -0.140563;
14355 -1.984345 -3.146876 0.921217 -0.029356 0.000118 -0.138405;
14360 -1.922779 -3.165710 0.966937 -0.029869 0.000066 -0.136226;
14365 -1.861270 -3.184351 1.013826 -0.030379 0.000013 -0.134044;
14370 -1.799845 -3.202761 1.059480 -0.030885 -0.000043 -0.131873;
14375 -1.738533 -3.220899 1.103080 -0.031388 -0.000100 -0.129685;
14380 -1.677361 -3.238724 1.144759 -0.031888 -0.000160 -0.127454;
14385 -1.616361 -3.256200 1.184734 -0.032384 -0.000221 -0.125196;
14390 -1.555560 -3.273289 1.223649 -0.032876 -0.000284 -0.122927;
14395 -1.494985 -3.289959 1.261950 -0.033365 -0.000350 -0.120634;
14400 -1.434657 -3.306179 1.299846 -0.033850 -0.000417 -0.118305;
14405 -1.374591 -3.321918 1.337188 -0.034332 -0.000486 -0.115912;
14410 -1.314800 -3.337145 1.374272 -0.034811 -0.000556 -0.113431;
14415 -1.255294 -3.351828 1.411858 -0.035287 -0.000629 -0.110906;
14420 -1.196081 -3.365939 1.450461 -0.035760 -0.000703 -0.108369;
14425 -1.137174 -3.379452 1.490790 -0.036230 -0.000778 -0.105806;
14430 -1.078585 -3.392348 1.532517 -0.036696 -0.000855 -0.103233;
14435 -1.020327 -3.404609 1.574632 -0.037160 -0.000934 -0.100652;
14440 -0.962412 -3.416219 1.616600 -0.037620 -0.001013 -0.098049;
14445 -0.904855 -3.427168 1.658086 -0.038078 -0.001094 -0.095426;
14450 -0.847676 -3.437440 1.699027 -0.038532 -0.001175 -0.092784;
14455 -0.790899 -3.447021 1.739454 -0.038983 -0.001258 -0.090140;
14460 -0.734551 -3.455893 1.779613 -0.039432 -0.001341 -0.087494;
14465 -0.678659 -3.464040 1.819609 -0.039876 -0.001425 -0.084832;
14470 -0.623246 -3.471447 1.859501 -0.040318 -0.001509 -0.082158;
14475 -0.568334 -3.478104 1.899387 -0.040756 -0.001594 -0.079471;
14480 -0.513941 -3.483994 1.940498 -0.041191 -0.001680 -0.076731;
14485 -0.460088 -3.489088 1.984664 -0.041622 -0.001766 -0.073897;
14490 -0.406798 -3.493371 2.030499 -0.042050 -0.001853 -0.071030;
14495 -0.354091 -3.496845 2.076191 -0.042474 -0.001941 -0.068174;
14500 -0.301988 -3.499508 2.121704 -0.042895 -0.002030 -0.065314;
14505 -0.250512 -3.501359 2.166612 -0.043313 -0.002119 -0.062453;
14510 -0.199687 -3.502398 2.210900 -0.043726 -0.002210 -0.059592;
14515 -0.149540 -3.502624 2.254641 -0.044136 -0.002301 -0.056730;
14520 -0.100095 -3.502040 2.297906 -0.044542 -0.002393 -0.053870;
14525 -0.051407 -3.500632 2.344602 -0.044944 -0.002485 -0.050858;
14530 -0.003553 -3.498365 2.397729 -0.045342 -0.002578 -0.047485;
14535 0.043424 -3.495237 2.452960 -0.045736 -0.002673 -0.043875;
14540 0.089508 -3.491273 2.506582 -0.046125 -0.002768 -0.040246;
14545 0.134665 -3.486492 2.560794 -0.046510 -0.002866 -0.036544;
14550 0.178841 -3.480898 2.617312 -0.046889 -0.002964 -0.032672;
14555 0.222004 -3.474508 2.672892 -0.047264 -0.003064 -0.028735;
