residue = [
17410 0.948050 0.715017 3.762861 -0.000001 0.000001 0.000000;
17415 0.948148 0.715049 7.371273 -0.000006 0.000005 0.000028;
17420 0.948298 0.715087 10.830393 -0.000015 0.000013 0.000098;
17425 0.948499 0.715123 14.144387 -0.000029 0.000025 0.000166;
17430 0.948755 0.715154 17.315943 -0.000047 0.000041 0.000219;
17435 0.949066 0.715184 20.344547 -0.000070 0.000062 0.000270;
17440 0.949435 0.715221 23.229980 -0.000097 0.000086 0.000320;
17445 0.949866 0.715276 25.973450 -0.000129 0.000115 0.000368;
17450 0.950362 0.715363 28.577438 -0.000166 0.000148 0.000416;
17455 0.950934 0.715503 31.046143 -0.000206 0.000185 0.000419;
17460 0.951596 0.715717 33.381771 -0.000252 0.000226 0.000338;
17465 0.952370 0.716030 35.585251 -0.000302 0.000272 0.000217;
17470 0.953276 0.716473 37.657890 -0.000357 0.000322 0.000098;
17475 0.954339 0.717083 39.601849 -0.000416 0.000377 -0.000018;
17480 0.955578 0.717893 41.422016 -0.000479 0.000436 -0.000132;
17485 0.957013 0.718938 43.123554 -0.000547 0.000500 -0.000242;
17490 0.958656 0.720257 44.709213 -0.000619 0.000568 -0.000350;
17495 0.960516 0.721888 46.180576 -0.000695 0.000642 -0.000484;
17500 0.962598 0.723869 47.539669 -0.000774 0.000722 -0.000670;
17505 0.964913 0.726227 48.790295 -0.000858 0.000806 -0.000881;
17510 0.967469 0.728980 49.937843 -0.000946 0.000896 -0.001086;
17515 0.970277 0.732141 50.985542 -0.001038 0.000992 -0.001286;
17520 0.973342 0.735718 51.935047 -0.001135 0.001093 -0.001480;
17525 0.976663 0.739715 52.788780 -0.001237 0.001199 -0.001670;
17530 0.980235 0.744137 53.549427 -0.001345 0.001311 -0.001855;
17535 0.984053 0.748981 54.220665 -0.001458 0.001429 -0.002035;
17540 0.988113 0.754240 54.804970 -0.001577 0.001553 -0.002210;
17545 0.992406 0.759904 55.304131 -0.001701 0.001682 -0.002380;
17550 0.996920 0.765954 55.721687 -0.001831 0.001817 -0.002545;
17555 1.001633 0.772368 56.061184 -0.001965 0.001958 -0.002706;
17560 1.006513 0.779119 56.325523 -0.002104 0.002105 -0.002862;
17565 1.011520 0.786168 56.517223 -0.002247 0.002259 -0.003014;
17570 1.016606 0.793460 56.638973 -0.002395 0.002419 -0.003161;
17575 1.021606 0.800794 56.568253 -0.002547 0.002585 -0.003304;
17580 1.026237 0.807830 56.186920 -0.002706 0.002759 -0.003442;
17585 1.030333 0.814364 55.632027 -0.002871 0.002939 -0.003576;
17590 1.033842 0.820324 55.036030 -0.003043 0.003127 -0.003706;
17595 1.036712 0.825640 54.402176 -0.003222 0.003321 -0.003832;
17600 1.038893 0.830251 53.733875 -0.003407 0.003522 -0.003954;
17605 1.040341 0.834098 53.033787 -0.003598 0.003730 -0.004057;
17610 1.041015 0.837127 52.304367 -0.003795 0.003944 -0.004128;
17615 1.040875 0.839280 51.548386 -0.003998 0.004165 -0.004183;
17620 1.039888 0.840493 50.768822 -0.004206 0.004391 -0.004221;
17625 1.038025 0.840702 49.968456 -0.004421 0.004624 -0.004228;
17630 1.035260 0.839848 49.149117 -0.004641 0.004864 -0.004220;
17635 1.031572 0.837883 48.311970 -0.004868 0.005109 -0.004211;
17640 1.026944 0.834765 47.457973 -0.005100 0.005360 -0.004187;
17645 1.021366 0.830460 46.588554 -0.005339 0.005618 -0.004133;
17650 1.014833 0.824932 45.705154 -0.005582 0.005882 -0.004066;
17655 1.007343 0.818148 44.808556 -0.005831 0.006153 -0.003999;
17660 0.998892 0.810079 43.900227 -0.006085 0.006429 -0.003904;
17665 0.989478 0.800702 42.981194 -0.006344 0.006711 -0.003754;
17670 0.979109 0.789996 42.052498 -0.006608 0.007000 -0.003564;
17675 0.967792 0.777944 41.115501 -0.006876 0.007294 -0.003349;
17680 0.955536 0.764538 40.171833 -0.007148 0.007593 -0.003110;
17685 0.942351 0.749774 39.224541 -0.007423 0.007899 -0.002847;
17690 0.928248 0.733649 38.276134 -0.007701 0.008209 -0.002576;
17695 0.913242 0.716159 37.328621 -0.007982 0.008525 -0.002296;
17700 0.897354 0.697304 36.382378 -0.008266 0.008846 -0.002036;
17705 0.880606 0.677083 35.437412 -0.008552 0.009172 -0.001839;
17710 0.863023 0.655499 34.494709 -0.008841 0.009503 -0.001659;
17715 0.844633 0.632563 33.555302 -0.009131 0.009838 -0.001469;
17720 0.825467 0.608288 32.620377 -0.009422 0.010179 -0.001269;
17725 0.805555 0.582694 31.690231 -0.009714 0.010523 -0.001045;
17730 0.784931 0.555796 30.764996 -0.010008 0.010873 -0.000812;
17735 0.763628 0.527612 29.845318 -0.010301 0.011227 -0.000570;
17740 0.741681 0.498162 28.932838 -0.010596 0.011585 -0.000305;
17745 0.719127 0.467468 28.029079 -0.010891 0.011947 -0.000019;
17750 0.696001 0.435559 27.134613 -0.011186 0.012313 0.000289;
17755 0.672336 0.402475 26.249218 -0.011481 0.012683 0.000618;
17760 0.648164 0.368252 25.372593 -0.011777 0.013056 0.000968;
17765 0.623515 0.332929 24.505596 -0.012072 0.013433 0.001323;
17770 0.598418 0.296544 23.649311 -0.012365 0.013814 0.001683;
17775 0.572902 0.259136 22.804970 -0.012656 0.014200 0.002062;
17780 0.546998 0.220747 21.972908 -0.012943 0.014590 0.002460;
17785 0.520737 0.181423 21.152603 -0.013225 0.014985 0.002876;
17790 0.494153 0.141210 20.344055 -0.013502 0.015385 0.003310;
17795 0.467278 0.100152 19.547646 -0.013772 0.015790 0.003761;
17800 0.440149 0.058288 18.764168 -0.014035 0.016201 0.004214;
17805 0.412800 0.015661 17.994392 -0.014290 0.016618 0.004669;
17810 0.385266 -0.027683 17.238350 -0.014538 0.017040 0.005140;
17815 0.357579 -0.071688 16.495743 -0.014778 0.017468 0.005627;
17820 0.329772 -0.116296 15.766502 -0.015009 0.017902 0.006185;
17825 0.301876 -0.161443 15.050835 -0.015231 0.018343 0.006856;
17830 0.273916 -0.207070 14.349884 -0.015444 0.018788 0.007579;
17835 0.245916 -0.253114 13.664040 -0.015648 0.019240 0.008311;
17840 0.217896 -0.299509 12.992950 -0.015843 0.019697 0.009051;
17845 0.189877 -0.346186 12.335915 -0.016029 0.020160 0.009799;
17850 0.161879 -0.393072 11.691772 -0.016206 0.020628 0.010555;
17855 0.133923 -0.440090 11.060776 -0.016374 0.021102 0.011319;
17860 0.106027 -0.487159 10.443779 -0.016533 0.021580 0.012089;
17865 0.078204 -0.534203 9.842316 -0.016682 0.022064 0.012865;
17870 0.050472 -0.581145 9.257103 -0.016823 0.022553 0.013648;
17875 0.022845 -0.627911 8.687279 -0.016954 0.023047 0.014436;
17880 -0.004659 -0.674428 8.131966 -0.017078 0.023545 0.015229;
17885 -0.032021 -0.720620 7.590034 -0.017193 0.024048 0.016028;
17890 -0.059227 -0.766413 7.061790 -0.017300 0.024554 0.016831;
17895 -0.086270 -0.811737 6.547951 -0.017401 0.025065 0.017638;
17900 -0.113150 -0.856524 6.049088 -0.017495 0.025578 0.018491;
17905 -0.139872 -0.900719 5.565529 -0.017582 0.026094 0.019446;
17910 -0.166439 -0.944265 5.096596 -0.017664 0.026612 0.020457;
17915 -0.192854 -0.987114 4.642250 -0.017739 0.027132 0.021466;
17920 -0.219118 -1.029219 4.202347 -0.017810 0.027653 0.022487;
17925 -0.245236 -1.070537 3.776733 -0.017875 0.028176 0.023520;
17930 -0.271211 -1.111026 3.365326 -0.017935 0.028700 0.024550;
17935 -0.297045 -1.150652 2.968002 -0.017991 0.029225 0.025576;
17940 -0.322736 -1.189388 2.584717 -0.018042 0.029749 0.026570;
17945 -0.348279 -1.227212 2.214996 -0.018090 0.030273 0.027519;
17950 -0.373671 -1.264105 1.858711 -0.018134 0.030797 0.028451;
17955 -0.398906 -1.300059 1.515694 -0.018175 0.031319 0.029381;
17960 -0.423983 -1.335066 1.185875 -0.018212 0.031839 0.030308;
17965 -0.448897 -1.369122 0.869301 -0.018247 0.032357 0.031233;
17970 -0.473643 -1.402224 0.565834 -0.018279 0.032872 0.032154;
17975 -0.498214 -1.434376 0.275238 -0.018309 0.033385 0.033073;
17980 -0.522606 -1.465593 -0.002731 -0.018336 0.033893 0.034030;
17985 -0.546812 -1.495892 -0.268188 -0.018362 0.034398 0.035068;
17990 -0.570828 -1.525301 -0.521378 -0.018386 0.034899 0.036141;
17995 -0.594643 -1.553846 -0.762604 -0.018409 0.035395 0.037206;
18000 -0.618246 -1.581551 -0.992332 -0.018430 0.035887 0.038263;
18005 -0.641619 -1.608436 -1.210938 -0.018450 0.036373 0.039312;
18010 -0.664741 -1.634529 -1.418495 -0.018469 0.036855 0.040352;
18015 -0.687588 -1.659861 -1.615021 -0.018487 0.037331 0.041384;
18020 -0.710138 -1.684475 -1.800385 -0.018503 0.037801 0.042380;
18025 -0.732364 -1.708416 -1.974510 -0.018518 0.038266 0.043311;
18030 -0.754242 -1.731727 -2.137474 -0.018532 0.038725 0.044207;
