residue = [
14595 -5.304278 0.313008 0.000000 -0.000000 0.000002 -0.009981;
14600 -5.304815 0.313014 -0.001178 -0.000001 0.000011 -0.019639;
14605 -5.305571 0.312994 -0.004487 -0.000003 0.000028 -0.028956;
14610 -5.306493 0.312911 -0.009357 -0.000005 0.000053 -0.037828;
14615 -5.307528 0.312731 -0.016286 -0.000008 0.000085 -0.046172;
14620 -5.308619 0.312420 -0.025401 -0.000012 0.000125 -0.054084;
14625 -5.309706 0.311947 -0.036516 -0.000016 0.000172 -0.061649;
14630 -5.310732 0.311286 -0.049756 -0.000022 0.000226 -0.068876;
14635 -5.311641 0.310415 -0.064150 -0.000028 0.000286 -0.075791;
14640 -5.312375 0.309320 -0.079593 -0.000036 0.000353 -0.082387;
14645 -5.312879 0.307986 -0.096246 -0.000043 0.000425 -0.088662;
14650 -5.313097 0.306405 -0.114219 -0.000051 0.000504 -0.094595;
14655 -5.312978 0.304567 -0.133921 -0.000060 0.000588 -0.100169;
14660 -5.312471 0.302463 -0.154871 -0.000070 0.000677 -0.105437;
14665 -5.311530 0.300089 -0.176430 -0.000080 0.000771 -0.110464;
14670 -5.310112 0.297441 -0.197769 -0.000090 0.000871 -0.115258;
14675 -5.308173 0.294521 -0.218006 -0.000101 0.000974 -0.119812;
14680 -5.305676 0.291332 -0.237079 -0.000112 0.001082 -0.124148;
14685 -5.302583 0.287880 -0.254629 -0.000124 0.001195 -0.128273;
14690 -5.298862 0.284171 -0.271006 -0.000137 0.001311 -0.132137;
14695 -5.294485 0.280211 -0.287205 -0.000149 0.001432 -0.135720;
14700 -5.289422 0.276005 -0.303829 -0.000163 0.001556 -0.139072;
14705 -5.283650 0.271557 -0.321805 -0.000176 0.001684 -0.142229;
14710 -5.277150 0.266873 -0.340975 -0.000191 0.001815 -0.145198;
14715 -5.269903 0.261968 -0.361359 -0.000206 0.001949 -0.147984;
14720 -5.261897 0.256859 -0.382757 -0.000222 0.002086 -0.150607;
14725 -5.253117 0.251566 -0.404672 -0.000239 0.002226 -0.153088;
14730 -5.243551 0.246104 -0.427238 -0.000256 0.002369 -0.155431;
14735 -5.233187 0.240482 -0.449839 -0.000275 0.002514 -0.157640;
14740 -5.222012 0.234711 -0.472585 -0.000295 0.002662 -0.159708;
14745 -5.210019 0.228805 -0.495407 -0.000315 0.002812 -0.161623;
14750 -5.197203 0.222781 -0.518366 -0.000336 0.002963 -0.163406;
14755 -5.183559 0.216657 -0.541089 -0.000358 0.003117 -0.165061;
14760 -5.168883 0.210447 -0.569542 -0.000380 0.003271 -0.166155;
14765 -5.152772 0.204165 -0.611053 -0.000402 0.003425 -0.166294;
14770 -5.135055 0.197824 -0.658328 -0.000425 0.003576 -0.165954;
14775 -5.115774 0.191436 -0.703580 -0.000446 0.003725 -0.165584;
14780 -5.094974 0.185014 -0.746723 -0.000468 0.003872 -0.165245;
14785 -5.072699 0.178568 -0.788372 -0.000490 0.004017 -0.164994;
14790 -5.048995 0.172110 -0.828770 -0.000512 0.004160 -0.164759;
14795 -5.023903 0.165647 -0.867800 -0.000534 0.004301 -0.164472;
14800 -4.997467 0.159186 -0.905179 -0.000557 0.004439 -0.164121;
14805 -4.969724 0.152727 -0.940069 -0.000579 0.004575 -0.163695;
14810 -4.940712 0.146268 -0.971886 -0.000602 0.004708 -0.163211;
14815 -4.910467 0.139801 -1.000250 -0.000625 0.004839 -0.162687;
14820 -4.879025 0.133318 -1.025364 -0.000649 0.004967 -0.162210;
14825 -4.846421 0.126817 -1.048037 -0.000673 0.005092 -0.161864;
14830 -4.812688 0.120300 -1.069268 -0.000697 0.005214 -0.161564;
14835 -4.777860 0.113774 -1.089444 -0.000722 0.005333 -0.161239;
14840 -4.741971 0.107238 -1.108331 -0.000747 0.005449 -0.160890;
14845 -4.705056 0.100687 -1.125440 -0.000772 0.005563 -0.160492;
14850 -4.667147 0.094109 -1.140481 -0.000798 0.005673 -0.160047;
14855 -4.628278 0.087494 -1.153874 -0.000823 0.005780 -0.159571;
14860 -4.588485 0.080841 -1.165894 -0.000849 0.005885 -0.159136;
14865 -4.547802 0.074155 -1.177066 -0.000875 0.005986 -0.158814;
14870 -4.506263 0.067438 -1.187503 -0.000901 0.006084 -0.158533;
14875 -4.463902 0.060690 -1.196964 -0.000928 0.006179 -0.158235;
14880 -4.420752 0.053901 -1.205568 -0.000955 0.006271 -0.157936;
14885 -4.376845 0.047059 -1.212774 -0.000983 0.006360 -0.157624;
14890 -4.332211 0.040157 -1.218504 -0.001011 0.006446 -0.157271;
14895 -4.286880 0.033193 -1.222552 -0.001040 0.006528 -0.156865;
14900 -4.240875 0.026172 -1.224766 -0.001069 0.006607 -0.156479;
14905 -4.194223 0.019095 -1.225437 -0.001099 0.006683 -0.156184;
14910 -4.146947 0.011956 -1.224062 -0.001130 0.006756 -0.155922;
14915 -4.099071 0.004746 -1.220857 -0.001161 0.006825 -0.155637;
14920 -4.050620 -0.002547 -1.216074 -0.001193 0.006890 -0.155330;
14925 -4.001617 -0.009925 -1.210395 -0.001226 0.006952 -0.155002;
14930 -3.952089 -0.017383 -1.204952 -0.001260 0.007011 -0.154655;
14935 -3.902062 -0.024916 -1.199958 -0.001294 0.007066 -0.154289;
14940 -3.851565 -0.032521 -1.195922 -0.001329 0.007117 -0.153977;
14945 -3.800628 -0.040200 -1.192286 -0.001364 0.007165 -0.153789;
14950 -3.749280 -0.047958 -1.188119 -0.001400 0.007209 -0.153651;
14955 -3.697546 -0.055800 -1.182619 -0.001437 0.007250 -0.153493;
14960 -3.645448 -0.063728 -1.174798 -0.001475 0.007287 -0.153315;
14965 -3.593007 -0.071738 -1.165195 -0.001513 0.007321 -0.153105;
14970 -3.540240 -0.079825 -1.154155 -0.001552 0.007351 -0.152850;
14975 -3.487165 -0.087981 -1.142315 -0.001592 0.007377 -0.152566;
14980 -3.433803 -0.096201 -1.130022 -0.001633 0.007400 -0.152324;
14985 -3.380173 -0.104485 -1.116609 -0.001675 0.007419 -0.152194;
14990 -3.326297 -0.112841 -1.102396 -0.001718 0.007434 -0.152133;
14995 -3.272195 -0.121277 -1.087298 -0.001763 0.007446 -0.152067;
15000 -3.217888 -0.129804 -1.071931 -0.001809 0.007454 -0.151985;
15005 -3.163399 -0.138427 -1.056670 -0.001858 0.007458 -0.151886;
15010 -3.108749 -0.147154 -1.040914 -0.001908 0.007459 -0.151758;
15015 -3.053962 -0.155996 -1.024566 -0.001960 0.007456 -0.151586;
15020 -2.999058 -0.164963 -1.006618 -0.002014 0.007449 -0.151444;
15025 -2.944052 -0.174065 -0.987066 -0.002070 0.007439 -0.151402;
15030 -2.888962 -0.183306 -0.965992 -0.002127 0.007426 -0.151401;
15035 -2.833802 -0.192686 -0.943218 -0.002186 0.007408 -0.151384;
15040 -2.778589 -0.202203 -0.919707 -0.002248 0.007388 -0.151352;
15045 -2.723336 -0.211856 -0.895728 -0.002311 0.007363 -0.151319;
15050 -2.668059 -0.221648 -0.871888 -0.002375 0.007335 -0.151287;
15055 -2.612774 -0.231588 -0.848511 -0.002442 0.007304 -0.151226;
15060 -2.557498 -0.241683 -0.825335 -0.002511 0.007269 -0.151181;
15065 -2.502247 -0.251934 -0.802636 -0.002582 0.007230 -0.151208;
15070 -2.447041 -0.262343 -0.780239 -0.002654 0.007188 -0.151262;
15075 -2.391897 -0.272904 -0.758458 -0.002729 0.007143 -0.151302;
15080 -2.336834 -0.283618 -0.737286 -0.002806 0.007095 -0.151328;
15085 -2.281865 -0.294485 -0.715933 -0.002885 0.007043 -0.151326;
15090 -2.227005 -0.305513 -0.693771 -0.002966 0.006987 -0.151283;
15095 -2.172267 -0.316704 -0.669674 -0.003050 0.006928 -0.151214;
15100 -2.117663 -0.328063 -0.643440 -0.003135 0.006866 -0.151319;
15105 -2.063204 -0.339593 -0.615398 -0.003223 0.006801 -0.151775;
15110 -2.008900 -0.351297 -0.585822 -0.003312 0.006732 -0.152393;
15115 -1.954761 -0.363178 -0.555064 -0.003404 0.006659 -0.152984;
15120 -1.900799 -0.375236 -0.523071 -0.003497 0.006584 -0.153535;
15125 -1.847023 -0.387468 -0.490706 -0.003593 0.006505 -0.154033;
15130 -1.793449 -0.399870 -0.459236 -0.003690 0.006424 -0.154493;
15135 -1.740088 -0.412435 -0.429918 -0.003789 0.006339 -0.154916;
15140 -1.686954 -0.425156 -0.403300 -0.003889 0.006252 -0.155572;
15145 -1.634059 -0.438034 -0.379032 -0.003991 0.006161 -0.156751;
15150 -1.581418 -0.451068 -0.356559 -0.004095 0.006068 -0.158158;
15155 -1.529045 -0.464260 -0.334738 -0.004200 0.005972 -0.159492;
15160 -1.476954 -0.477609 -0.312207 -0.004307 0.005873 -0.160767;
15165 -1.425161 -0.491116 -0.287447 -0.004416 0.005771 -0.162000;
15170 -1.373678 -0.504786 -0.260179 -0.004526 0.005667 -0.163191;
15175 -1.322516 -0.518624 -0.231316 -0.004638 0.005560 -0.164340;
15180 -1.271686 -0.532637 -0.202129 -0.004752 0.005450 -0.165450;
15185 -1.221197 -0.546826 -0.174271 -0.004866 0.005338 -0.166519;
15190 -1.171062 -0.561183 -0.148978 -0.004982 0.005223 -0.167550;
15195 -1.121294 -0.575694 -0.128522 -0.005099 0.005105 -0.168542;
15200 -1.071906 -0.590344 -0.115557 -0.005217 0.004985 -0.169483;
