residue = [
12450 2.494131 1.371033 0.000000 -0.000003 -0.000002 -0.009981;
12455 2.494392 1.371093 0.000436 -0.000014 -0.000009 -0.019639;
12460 2.494787 1.371168 0.001727 -0.000035 -0.000024 -0.028941;
12465 2.495310 1.371239 0.003529 -0.000067 -0.000046 -0.037857;
12470 2.495934 1.371285 0.005036 -0.000109 -0.000075 -0.046397;
12475 2.496623 1.371272 0.005648 -0.000161 -0.000111 -0.054586;
12480 2.497336 1.371163 0.005749 -0.000222 -0.000153 -0.062421;
12485 2.498033 1.370911 0.005666 -0.000293 -0.000201 -0.069898;
12490 2.498685 1.370475 0.005625 -0.000373 -0.000255 -0.077042;
12495 2.499270 1.369812 0.005799 -0.000462 -0.000314 -0.083876;
12500 2.499778 1.368877 0.006048 -0.000561 -0.000378 -0.090396;
12505 2.500203 1.367616 0.006979 -0.000670 -0.000448 -0.096611;
12510 2.500540 1.365969 0.008869 -0.000789 -0.000524 -0.102544;
12515 2.500784 1.363870 0.011894 -0.000916 -0.000606 -0.108204;
12520 2.500928 1.361251 0.016005 -0.001053 -0.000695 -0.113599;
12525 2.500968 1.358055 0.020499 -0.001199 -0.000791 -0.118723;
12530 2.500907 1.354233 0.025269 -0.001354 -0.000895 -0.123584;
12535 2.500757 1.349735 0.030212 -0.001518 -0.001005 -0.128205;
12540 2.500536 1.344510 0.035360 -0.001690 -0.001124 -0.132578;
12545 2.500266 1.338507 0.040875 -0.001870 -0.001250 -0.136697;
12550 2.499977 1.331681 0.046604 -0.002059 -0.001384 -0.140585;
12555 2.499705 1.324001 0.052666 -0.002257 -0.001527 -0.144261;
12560 2.499494 1.315436 0.059346 -0.002464 -0.001678 -0.147719;
12565 2.499385 1.305954 0.066788 -0.002680 -0.001837 -0.150965;
12570 2.499422 1.295516 0.075171 -0.002906 -0.002005 -0.154035;
12575 2.499643 1.284084 0.084056 -0.003142 -0.002181 -0.156934;
12580 2.500086 1.271626 0.093023 -0.003388 -0.002367 -0.159653;
12585 2.500782 1.258115 0.102538 -0.003644 -0.002561 -0.162199;
12590 2.501765 1.243527 0.112921 -0.003910 -0.002764 -0.164562;
12595 2.503064 1.227834 0.125129 -0.004184 -0.002975 -0.166749;
12600 2.504711 1.211012 0.139513 -0.004468 -0.003193 -0.168779;
12605 2.506745 1.193046 0.155533 -0.004760 -0.003418 -0.170644;
12610 2.509206 1.173928 0.172496 -0.005059 -0.003648 -0.172334;
12615 2.511915 1.153899 0.230835 -0.005361 -0.003880 -0.171993;
12620 2.514452 1.133451 0.370496 -0.005659 -0.004106 -0.167822;
12625 2.516572 1.112898 0.547901 -0.005950 -0.004324 -0.161692;
12630 2.518223 1.092361 0.720890 -0.006235 -0.004533 -0.155417;
12635 2.519374 1.071917 0.888091 -0.006513 -0.004732 -0.149173;
12640 2.520024 1.051596 1.048461 -0.006786 -0.004922 -0.143119;
12645 2.520170 1.031430 1.202136 -0.007052 -0.005103 -0.137183;
12650 2.519813 1.011448 1.348819 -0.007312 -0.005274 -0.131309;
12655 2.518955 0.991676 1.488056 -0.007567 -0.005436 -0.125485;
12660 2.517597 0.972136 1.619374 -0.007816 -0.005588 -0.119712;
12665 2.515738 0.952847 1.743854 -0.008060 -0.005732 -0.114007;
12670 2.513379 0.933822 1.862715 -0.008299 -0.005866 -0.108372;
12675 2.510518 0.915070 1.976997 -0.008533 -0.005991 -0.102864;
12680 2.507154 0.896597 2.086569 -0.008761 -0.006108 -0.097539;
12685 2.503284 0.878412 2.190828 -0.008986 -0.006215 -0.092340;
12690 2.498907 0.860522 2.290249 -0.009205 -0.006313 -0.087210;
12695 2.494022 0.842931 2.385292 -0.009421 -0.006402 -0.082150;
12700 2.488633 0.825638 2.477011 -0.009631 -0.006483 -0.077161;
12705 2.482746 0.808639 2.564982 -0.009837 -0.006554 -0.072244;
12710 2.476365 0.791934 2.648014 -0.010039 -0.006616 -0.067400;
12715 2.469489 0.775524 2.725234 -0.010235 -0.006670 -0.062658;
12720 2.462116 0.759415 2.796244 -0.010426 -0.006713 -0.058046;
12725 2.454242 0.743607 2.861719 -0.010612 -0.006747 -0.053549;
12730 2.445863 0.728101 2.921564 -0.010792 -0.006771 -0.049139;
12735 2.436975 0.712897 2.975873 -0.010967 -0.006785 -0.044801;
12740 2.427568 0.697990 3.024736 -0.011138 -0.006790 -0.040537;
12745 2.417628 0.683378 3.068598 -0.011304 -0.006785 -0.036347;
12750 2.407144 0.669057 3.108846 -0.011465 -0.006771 -0.032230;
12755 2.396106 0.655033 3.146641 -0.011622 -0.006747 -0.028230;
12760 2.384511 0.641308 3.182879 -0.011774 -0.006715 -0.024402;
12765 2.372359 0.627887 3.217547 -0.011922 -0.006674 -0.020716;
12770 2.359647 0.614772 3.250157 -0.012065 -0.006626 -0.017114;
12775 2.346373 0.601965 3.280284 -0.012204 -0.006569 -0.013582;
12780 2.332532 0.589468 3.307610 -0.012338 -0.006505 -0.010134;
12785 2.318123 0.577282 3.331834 -0.012469 -0.006433 -0.006769;
12790 2.303142 0.565397 3.352669 -0.012595 -0.006353 -0.003459;
12795 2.287585 0.553802 3.369802 -0.012717 -0.006265 -0.000233;
12800 2.271448 0.542481 3.383586 -0.012835 -0.006169 0.002868;
12805 2.254728 0.531427 3.395022 -0.012949 -0.006065 0.005873;
12810 2.237426 0.520639 3.404674 -0.013060 -0.005954 0.008796;
12815 2.219544 0.510114 3.413045 -0.013166 -0.005835 0.011626;
12820 2.201083 0.499848 3.419832 -0.013267 -0.005708 0.014375;
12825 2.182046 0.489838 3.425310 -0.013364 -0.005574 0.017060;
12830 2.162431 0.480084 3.430184 -0.013456 -0.005433 0.019665;
12835 2.142242 0.470587 3.434213 -0.013544 -0.005285 0.022164;
12840 2.121481 0.461352 3.437428 -0.013627 -0.005131 0.024544;
12845 2.100152 0.452383 3.439293 -0.013705 -0.004969 0.026820;
12850 2.078264 0.443681 3.439556 -0.013779 -0.004802 0.029022;
12855 2.055825 0.435244 3.438065 -0.013849 -0.004628 0.031165;
12860 2.032842 0.427076 3.434326 -0.013915 -0.004447 0.033235;
12865 2.009322 0.419182 3.428349 -0.013976 -0.004261 0.035233;
12870 1.985275 0.411569 3.420058 -0.014034 -0.004068 0.037172;
12875 1.960709 0.404248 3.410077 -0.014088 -0.003868 0.039083;
12880 1.935633 0.397224 3.399229 -0.014138 -0.003663 0.040993;
12885 1.910055 0.390499 3.387776 -0.014185 -0.003451 0.042873;
12890 1.883982 0.384065 3.375274 -0.014229 -0.003232 0.044695;
12895 1.857415 0.377913 3.361254 -0.014271 -0.003007 0.046444;
12900 1.830360 0.372032 3.345878 -0.014310 -0.002775 0.048122;
12905 1.802822 0.366411 3.330090 -0.014346 -0.002536 0.049744;
12910 1.774808 0.361040 3.314880 -0.014381 -0.002291 0.051310;
12915 1.746331 0.355910 3.300019 -0.014412 -0.002039 0.052764;
12920 1.717399 0.351014 3.284940 -0.014442 -0.001782 0.054039;
12925 1.688020 0.346346 3.268443 -0.014468 -0.001518 0.055192;
12930 1.658203 0.341899 3.250253 -0.014492 -0.001248 0.056299;
12935 1.627953 0.337665 3.230762 -0.014514 -0.000972 0.057344;
12940 1.597280 0.333629 3.209561 -0.014533 -0.000690 0.058315;
12945 1.566192 0.329784 3.186260 -0.014549 -0.000402 0.059227;
12950 1.534698 0.326119 3.160268 -0.014564 -0.000109 0.060095;
12955 1.502808 0.322630 3.132069 -0.014577 0.000190 0.060877;
12960 1.470538 0.319315 3.102390 -0.014588 0.000494 0.061547;
12965 1.437905 0.316177 3.071931 -0.014598 0.000803 0.062149;
12970 1.404933 0.313218 3.041666 -0.014607 0.001118 0.062713;
12975 1.371638 0.310429 3.012095 -0.014615 0.001437 0.063239;
12980 1.338034 0.307790 2.983608 -0.014623 0.001761 0.063727;
12985 1.304131 0.305281 2.956187 -0.014631 0.002090 0.064164;
12990 1.269938 0.302880 2.929506 -0.014640 0.002424 0.064524;
12995 1.235469 0.300569 2.903122 -0.014650 0.002762 0.064806;
13000 1.200737 0.298320 2.876656 -0.014661 0.003106 0.065028;
13005 1.165760 0.296096 2.849740 -0.014673 0.003456 0.065189;
13010 1.130553 0.293858 2.822113 -0.014685 0.003809 0.065292;
13015 1.095134 0.291574 2.793349 -0.014698 0.004168 0.065352;
13020 1.059524 0.289227 6.526425 -0.014710 0.004531 0.075364;
13025 1.023743 0.286803 10.104797 -0.014721 0.004898 0.085040;
13030 0.987810 0.284283 13.535408 -0.014729 0.005269 0.094403;
13035 0.951742 0.281649 16.825089 -0.014736 0.005644 0.103449;
13040 0.915556 0.278888 19.979603 -0.014740 0.006023 0.112146;
13045 0.879268 0.275990 23.004219 -0.014743 0.006406 0.120516;
13050 0.842890 0.272953 25.903547 -0.014744 0.006793 0.128613;
13055 0.806439 0.269776 28.682364 -0.014745 0.007183 0.136445;
13060 0.769932 0.266458 31.346508 -0.014744 0.007577 0.144005;
13065 0.733393 0.262997 33.901279 -0.014741 0.007975 0.151302;
13070 0.696849 0.259395 36.351620 -0.014738 0.008375 0.158344;
