residue = [
14935 -7.312383 -2.245054 0.000000 -0.000001 0.000002 -0.009981;
14940 -7.313119 -2.245150 -0.000305 -0.000007 0.000010 -0.019625;
14945 -7.314141 -2.245259 -0.002125 -0.000018 0.000024 -0.028899;
14950 -7.315370 -2.245343 -0.006921 -0.000034 0.000046 -0.037802;
14955 -7.316727 -2.245363 -0.015919 -0.000054 0.000074 -0.046343;
14960 -7.318135 -2.245281 -0.030116 -0.000080 0.000108 -0.054534;
14965 -7.319514 -2.245059 -0.049065 -0.000109 0.000148 -0.062384;
14970 -7.320774 -2.244659 -0.071725 -0.000143 0.000194 -0.069904;
14975 -7.321823 -2.244049 -0.097747 -0.000181 0.000244 -0.077104;
14980 -7.322565 -2.243197 -0.126969 -0.000224 0.000298 -0.083993;
14985 -7.322906 -2.242071 -0.159146 -0.000270 0.000356 -0.090581;
14990 -7.322758 -2.240640 -0.193341 -0.000321 0.000417 -0.096876;
14995 -7.322032 -2.238873 -0.228217 -0.000376 0.000481 -0.102888;
15000 -7.320643 -2.236743 -0.263106 -0.000435 0.000548 -0.108638;
15005 -7.318511 -2.234226 -0.298455 -0.000498 0.000618 -0.114135;
15010 -7.315564 -2.231294 -0.335392 -0.000565 0.000690 -0.119359;
15015 -7.311730 -2.227923 -0.374122 -0.000637 0.000766 -0.124318;
15020 -7.306938 -2.224089 -0.414013 -0.000712 0.000844 -0.129033;
15025 -7.301112 -2.219775 -0.454851 -0.000792 0.000924 -0.133513;
15030 -7.294181 -2.214963 -0.496778 -0.000876 0.001006 -0.137764;
15035 -7.286075 -2.209640 -0.539973 -0.000965 0.001091 -0.141793;
15040 -7.276727 -2.203793 -0.583865 -0.001057 0.001177 -0.145608;
15045 -7.266073 -2.197412 -0.626946 -0.001153 0.001264 -0.149215;
15050 -7.254049 -2.190490 -0.668120 -0.001253 0.001353 -0.152621;
15055 -7.240597 -2.183023 -0.707690 -0.001358 0.001444 -0.155832;
15060 -7.225667 -2.175004 -0.746864 -0.001466 0.001536 -0.158853;
15065 -7.209217 -2.166431 -0.786192 -0.001578 0.001629 -0.161692;
15070 -7.191210 -2.157301 -0.825326 -0.001694 0.001724 -0.164354;
15075 -7.171613 -2.147616 -0.863976 -0.001814 0.001820 -0.166830;
15080 -7.150398 -2.137382 -0.902784 -0.001937 0.001918 -0.169112;
15085 -7.127540 -2.126606 -0.943233 -0.002064 0.002017 -0.171220;
15090 -7.103019 -2.115301 -0.986224 -0.002195 0.002117 -0.173189;
15095 -7.076818 -2.103483 -1.031046 -0.002328 0.002219 -0.175022;
15100 -7.048920 -2.091168 -1.075314 -0.002465 0.002321 -0.176710;
15105 -7.019314 -2.078372 -1.116960 -0.002605 0.002425 -0.178259;
15110 -6.987992 -2.065109 -1.155401 -0.002748 0.002529 -0.179658;
15115 -6.954950 -2.051387 -1.190778 -0.002893 0.002634 -0.180913;
15120 -6.920194 -2.037219 -1.223273 -0.003041 0.002740 -0.182056;
15125 -6.883730 -2.022614 -1.252540 -0.003191 0.002845 -0.183091;
15130 -6.845574 -2.007586 -1.279121 -0.003344 0.002951 -0.184009;
15135 -6.805745 -1.992146 -1.304763 -0.003498 0.003058 -0.184813;
15140 -6.764265 -1.976308 -1.331356 -0.003653 0.003165 -0.185507;
15145 -6.721163 -1.960084 -1.359885 -0.003811 0.003272 -0.186096;
15150 -6.676466 -1.943489 -1.389196 -0.003970 0.003380 -0.186567;
15155 -6.630205 -1.926540 -1.417617 -0.004130 0.003487 -0.186913;
15160 -6.582406 -1.909249 -1.444461 -0.004291 0.003595 -0.187136;
15165 -6.533097 -1.891634 -1.469551 -0.004454 0.003703 -0.187255;
15170 -6.482306 -1.873707 -1.492543 -0.004617 0.003811 -0.187288;
15175 -6.430063 -1.855484 -1.512283 -0.004782 0.003919 -0.187238;
15180 -6.376397 -1.836979 -1.527884 -0.004948 0.004027 -0.187109;
15185 -6.321340 -1.818205 -1.539589 -0.005114 0.004134 -0.186902;
15190 -6.264928 -1.799177 -1.548465 -0.005281 0.004241 -0.186622;
15195 -6.207200 -1.779908 -1.556278 -0.005449 0.004347 -0.186271;
15200 -6.148197 -1.760411 -1.563808 -0.005618 0.004454 -0.185851;
15205 -6.087961 -1.740692 -1.570842 -0.005787 0.004560 -0.185353;
15210 -6.026536 -1.720759 -1.577348 -0.005956 0.004666 -0.184763;
15215 -5.963964 -1.700617 -1.583258 -0.006125 0.004773 -0.184101;
15220 -5.900285 -1.680276 -1.588763 -0.006295 0.004879 -0.183382;
15225 -5.835537 -1.659742 -1.593571 -0.006465 0.004985 -0.182596;
15230 -5.769759 -1.639020 -1.596921 -0.006635 0.005091 -0.181744;
15235 -5.702986 -1.618115 -1.598215 -0.006805 0.005197 -0.180844;
15240 -5.635256 -1.597032 -1.596840 -0.006975 0.005303 -0.179898;
15245 -5.566607 -1.575779 -1.593124 -0.007146 0.005408 -0.178907;
15250 -5.497081 -1.554367 -1.587779 -0.007317 0.005513 -0.177875;
15255 -5.426724 -1.532805 -1.581139 -0.007487 0.005617 -0.176803;
15260 -5.355587 -1.511098 -1.573437 -0.007659 0.005722 -0.175678;
15265 -5.283721 -1.489252 -1.564637 -0.007830 0.005826 -0.174504;
15270 -5.211177 -1.467279 -1.555054 -0.008003 0.005930 -0.173296;
15275 -5.138004 -1.445188 -1.545078 -0.008175 0.006034 -0.172057;
15280 -5.064250 -1.422991 -1.534996 -0.008348 0.006137 -0.170787;
15285 -4.989961 -1.400700 -1.524952 -0.008520 0.006240 -0.169490;
15290 -4.915181 -1.378324 -1.514387 -0.008694 0.006343 -0.168165;
15295 -4.839947 -1.355878 -1.502722 -0.008867 0.006445 -0.166802;
15300 -4.764294 -1.333374 -1.489662 -0.009041 0.006546 -0.165402;
15305 -4.688255 -1.310823 -1.475102 -0.009215 0.006646 -0.163980;
15310 -4.611867 -1.288232 -1.459031 -0.009389 0.006745 -0.162538;
15315 -4.535169 -1.265608 -1.441482 -0.009563 0.006843 -0.161078;
15320 -4.458200 -1.242958 -1.422488 -0.009737 0.006940 -0.159586;
15325 -4.381001 -1.220291 -1.402038 -0.009912 0.007036 -0.158051;
15330 -4.303614 -1.197616 -1.380517 -0.010086 0.007132 -0.156489;
15335 -4.226077 -1.174944 -1.358816 -0.010260 0.007227 -0.154915;
15340 -4.148428 -1.152284 -1.337662 -0.010435 0.007322 -0.153315;
15345 -4.070704 -1.129649 -1.316831 -0.010609 0.007416 -0.151693;
15350 -3.992934 -1.107057 -1.295851 -0.010784 0.007509 -0.150062;
15355 -3.915143 -1.084524 -1.274309 -0.010959 0.007602 -0.148411;
15360 -3.837355 -1.062069 -1.251986 -0.011133 0.007694 -0.146726;
15365 -3.759593 -1.039709 -1.228848 -0.011308 0.007785 -0.145010;
15370 -3.681880 -1.017460 -1.204032 -0.011483 0.007876 -0.143263;
15375 -3.604244 -0.995340 -1.176714 -0.011658 0.007965 -0.141501;
15380 -3.526716 -0.973365 -1.146630 -0.011833 0.008054 -0.139740;
15385 -3.449327 -0.951547 -1.114662 -0.012007 0.008143 -0.137967;
15390 -3.372108 -0.929898 -1.082705 -0.012181 0.008231 -0.136182;
15395 -3.295094 -0.908425 -1.051618 -0.012355 0.008319 -0.134387;
15400 -3.218316 -0.887139 -1.021566 -0.012528 0.008406 -0.132569;
15405 -3.141803 -0.866048 -0.992229 -0.012701 0.008493 -0.130743;
15410 -3.065581 -0.845163 -0.963559 -0.012873 0.008580 -0.128910;
15415 -2.989673 -0.824493 -0.936079 -0.013045 0.008667 -0.127057;
15420 -2.914099 -0.804054 -0.909502 -0.013215 0.008753 -0.125185;
15425 -2.838883 -0.783857 -0.883203 -0.013386 0.008839 -0.123310;
15430 -2.764050 -0.763912 -0.855888 -0.013556 0.008925 -0.121447;
15435 -2.689623 -0.744226 -0.826705 -0.013725 0.009011 -0.119582;
15440 -2.615625 -0.724801 -0.796063 -0.013894 0.009096 -0.117715;
15445 -2.542079 -0.705637 -0.764357 -0.014061 0.009181 -0.115863;
15450 -2.469010 -0.686734 -0.731919 -0.014229 0.009266 -0.114025;
15455 -2.396446 -0.668092 -0.698680 -0.014395 0.009350 -0.112202;
15460 -2.324413 -0.649708 -0.664788 -0.014560 0.009433 -0.110380;
15465 -2.252937 -0.631583 -0.630782 -0.014725 0.009516 -0.108545;
15470 -2.182042 -0.613715 -0.597045 -0.014889 0.009599 -0.106713;
15475 -2.111747 -0.596109 -0.563946 -0.015052 0.009682 -0.104885;
15480 -2.042069 -0.578768 -0.531226 -0.015214 0.009765 -0.103032;
15485 -1.973028 -0.561691 -0.498377 -0.015374 0.009848 -0.101171;
15490 -1.904639 -0.544872 -0.465257 -0.015534 0.009931 -0.099330;
15495 -1.836920 -0.528306 -0.431690 -0.015693 0.010014 -0.097496;
15500 -1.769889 -0.511984 -0.397332 -0.015851 0.010097 -0.095669;
15505 -1.703564 -0.495902 -0.361898 -0.016007 0.010181 -0.093863;
15510 -1.637969 -0.480049 -0.325377 -0.016162 0.010264 -0.092066;
15515 -1.573126 -0.464409 -0.287933 -0.016315 0.010348 -0.090248;
15520 -1.509059 -0.448967 -0.249813 -0.016468 0.010432 -0.088398;
15525 -1.445788 -0.433709 -0.211472 -0.016620 0.010516 -0.086530;
15530 -1.383330 -0.418627 -0.173303 -0.016771 0.010601 -0.084675;
15535 -1.321705 -0.403715 -0.135376 -0.016921 0.010687 -0.082846;
