selectedNav = [
12450 2494.000000 1371.000000 0.006866 -132.898438 -138.227829 0.000381;
12455 2526.000000 1351.000000 2000.006958 -130.966110 -137.275192 200.000381;
12460 2519.000000 1332.000000 -0.038910 -129.450989 -136.616867 399.991028;
12465 2479.000000 1310.000000 599.961121 -127.479675 -130.986633 399.996185;
12470 2420.000000 1260.000000 -2199.995605 -125.444191 -126.388565 200.001328;
12475 2340.000000 1223.000000 0.035858 -124.102249 -122.376770 399.992004;
12480 2275.000000 1147.000000 0.035858 -122.046951 -119.345604 399.997131;
12485 2212.000000 1097.000000 -799.964111 -126.031715 -114.113342 400.002289;
12490 2177.000000 1038.000000 1799.977905 -129.287918 -109.608398 200.007446;
12495 2158.000000 964.000000 -1799.987061 -131.992355 -105.696960 399.998108;
12500 2137.000000 899.000000 2199.977783 -132.873672 -115.444145 400.003265;
12505 2137.000000 794.000000 600.041992 -132.947952 -124.355217 200.008392;
12510 2110.000000 703.000000 1199.989990 -133.408371 -132.160858 399.999054;
12515 2098.000000 586.000000 2599.981689 -132.773743 -139.509430 200.004196;
12520 2079.000000 490.000000 -800.020569 -132.365982 -145.858521 399.994843;
12525 2080.000000 410.000000 1600.016846 -132.118698 -151.179749 400.000000;
12530 2099.000000 301.000000 -199.962616 -131.253616 -158.034149 200.005142;
12535 2120.000000 217.000000 600.022888 -130.686020 -163.918091 399.995789;
12540 2162.000000 102.000000 999.971008 -129.545807 -169.204773 400.000946;
12545 2203.000000 3.000000 200.043488 -128.615845 -173.812729 400.006104;
12550 2278.000000 -72.000000 799.962646 -137.661804 -177.091370 200.011261;
12555 2352.000000 -171.000000 1000.020630 -145.498810 -180.200546 400.001923;
12560 2436.000000 -240.000000 1399.997681 -153.001831 -182.551956 400.007080;
12565 2522.000000 -360.000000 1200.003906 -155.611664 -189.646393 199.988373;
12570 2596.000000 -460.000000 2199.995605 -158.145142 -195.513702 200.002869;
12575 2679.000000 -552.000000 -1400.035889 -160.262512 -200.611267 399.993500;
12580 2749.000000 -660.000000 2999.958008 -160.884964 -199.531250 199.998657;
12585 2825.000000 -734.000000 -0.015259 -161.643494 -198.318985 399.989319;
12590 2892.000000 -851.000000 3199.984863 -161.809326 -197.489655 399.994476;
12595 2970.000000 -944.000000 4400.025879 -153.609161 -177.669037 199.999619;
12600 3066.000000 -1033.000000 799.963379 -145.689621 -160.072083 399.990265;
12605 3160.000000 -1125.000000 4800.020996 -138.402115 -144.006866 399.995422;
12610 3272.000000 -1184.000000 -2400.012207 -130.629654 -135.696747 400.000580;
12615 1758.000000 -103.000000 193600.000000 37.113689 108.883179 26800.005859;
12620 1713.000000 -70.000000 0.017548 37.717037 111.710800 199.993134;
12625 1512.000000 146.000000 7400.017578 26.353134 120.026161 1800.007568;
12630 1473.000000 170.000000 799.981689 25.138517 125.404121 199.995041;
12635 1442.000000 193.000000 200.039673 24.139820 129.574326 -599.990479;
12640 1407.000000 217.000000 2799.958740 23.088331 133.796829 399.989899;
12645 1379.000000 244.000000 -1800.029053 22.204865 133.534790 199.995041;
12650 1352.000000 259.000000 2800.031250 21.579853 133.154434 400.009552;
12655 1324.000000 284.000000 -4599.956543 20.725521 133.026459 399.990845;
12660 1293.000000 295.000000 2599.996094 18.636377 133.704163 199.996002;
12665 1258.000000 305.000000 -400.006104 16.688549 134.540070 400.010498;
12670 1228.000000 312.000000 3199.965088 14.955438 134.920929 199.991791;
12675 1191.000000 309.000000 3200.006104 13.688391 136.091492 -399.993713;
12680 1152.000000 321.000000 -1399.952637 12.347809 137.118973 200.001144;
12685 1117.000000 323.000000 4600.041504 11.448561 138.066086 399.991821;
12690 1078.000000 328.000000 -1200.006836 10.491747 138.897751 199.996948;
12695 1052.000000 324.000000 6000.001465 12.076351 140.439774 400.011444;
12700 1030.000000 311.000000 1799.959595 13.494018 142.061722 199.992752;
12705 1002.000000 315.000000 799.994629 14.582846 143.229355 400.007263;
12710 969.000000 306.000000 1199.957275 19.556198 151.534927 199.988556;
12715 923.000000 322.000000 -3199.955811 23.698317 158.563446 0.003052;
12720 881.000000 316.000000 2600.002930 27.730278 165.005661 200.003052;
12725 838.000000 316.000000 -2399.999023 24.666779 166.647202 199.993698;
12730 793.000000 322.000000 600.017578 21.905561 168.043915 400.008209;
12735 739.000000 307.000000 -800.034363 19.459652 169.341873 199.989517;
12740 671.000000 311.000000 -1399.996948 19.030998 167.761505 400.003998;
12745 607.000000 299.000000 2399.997070 18.783730 166.448669 200.009155;
12750 546.000000 312.000000 999.980164 18.356325 164.976410 399.999786;
12755 500.000000 315.000000 4799.957031 18.963951 158.653275 -399.995026;
12760 461.000000 322.000000 2400.019287 19.444231 152.995728 199.999817;
12765 408.000000 327.000000 3200.002197 19.954262 147.686172 199.990463;
12770 358.000000 329.000000 1600.043579 20.177389 143.103516 400.004944;
12775 304.000000 337.000000 1799.968750 19.297962 146.999176 200.010101;
12780 257.000000 342.000000 1200.003906 18.139587 150.746979 200.000763;
12785 204.000000 336.000000 399.995422 17.050087 153.807404 399.991425;
12790 145.000000 317.000000 800.024414 15.971966 155.203354 399.996582;
12795 93.000000 306.000000 -1200.012939 15.087244 156.488266 -199.998291;
12800 31.000000 294.000000 3399.995361 14.642054 157.355316 400.011047;
12805 -9.000000 302.000000 199.955750 18.445011 156.217148 199.992371;
12810 -58.000000 297.000000 4199.970215 22.184357 154.673248 200.006866;
12815 -107.000000 296.000000 1399.988525 25.297998 153.392044 199.997513;
12820 -154.000000 295.000000 1399.994629 28.000723 151.968185 399.988159;
12825 -208.000000 296.000000 5200.000977 28.423752 150.353058 199.993332;
12830 -254.000015 303.000000 599.996216 28.702953 148.956604 200.007828;
12835 -306.000000 310.000000 4800.039551 28.543264 147.168427 -0.001526;
12840 -346.000000 323.000000 1000.006104 28.052858 145.879501 199.998474;
12845 -387.000000 323.000000 1799.983276 27.916588 144.417755 199.989120;
12850 -424.000000 329.000000 2600.018311 27.729725 143.254089 400.003601;
12855 -463.000000 337.000000 -799.984009 26.396015 144.142929 200.008774;
12860 -507.000031 346.000000 2599.958008 25.243999 144.957840 199.999420;
12865 -540.000000 363.000000 -1200.044312 24.038008 145.723267 399.990082;
12870 -581.000000 381.000000 2199.964111 21.993233 149.134445 199.995239;
12875 -613.000000 402.000000 1600.028320 19.790154 152.287567 800.009705;
12880 -655.000000 404.000000 2799.953369 18.172047 154.806046 199.996185;
12885 -695.000000 407.000000 1999.965698 16.703167 157.317719 400.010681;
12890 -744.000000 402.000000 200.015259 11.059123 160.531174 199.991989;
12895 -794.000000 394.000000 2200.029785 6.071728 163.524231 200.006485;
12900 -831.000000 392.000000 399.998474 7.664380 162.592850 399.997131;
12905 -878.000000 382.000000 6000.027832 9.300224 161.519409 200.002289;
12910 -905.000000 382.000000 999.985535 10.599652 160.745422 399.992950;
12915 -944.000000 378.000000 4399.962402 11.948779 160.053070 -600.001953;
12920 -980.000000 380.000000 -0.004578 12.786006 161.067566 200.002289;
12925 -1023.000000 377.000000 -200.004578 13.549742 161.596252 399.992950;
12930 -1064.000000 374.000000 2999.980957 14.187880 162.140320 199.998093;
12935 -1098.000000 363.000000 -1799.992310 11.448888 160.347382 199.988754;
12940 -1140.000000 355.000000 2399.972412 9.070959 158.838089 200.003235;
12945 -1173.000000 354.000000 -3400.044189 6.746509 157.491806 399.993896;
12950 -1212.000000 348.000000 799.995422 4.671962 156.292297 199.999054;
12955 -1237.000000 352.000000 -200.041962 4.235820 155.260757 -200.010300;
12960 -1252.000000 363.000000 400.038910 3.812126 154.149200 399.999054;
12965 -1264.000000 377.000000 2999.972656 -2.984144 152.916199 200.004196;
12970 -1278.000000 367.000000 1399.999268 -8.900477 151.571808 399.994843;
12975 -1304.000000 351.000000 4200.005371 -14.259552 150.642838 200.000000;
