selectedNav = [
17410 948.000000 715.000000 0.280762 -55.006847 73.388428 0.008774;
17415 956.000000 705.000000 -199.719238 -56.847492 75.097885 400.008759;
17420 962.000000 689.000000 -5199.829102 -58.548302 76.354698 -200.009918;
17425 968.000000 691.000000 -3999.633789 -58.029461 77.459465 -0.000572;
17430 975.000000 692.000000 -16400.304688 -57.601105 78.285873 -0.000572;
17435 982.000000 703.000000 -22000.158203 -57.161015 79.014389 -0.000572;
17440 991.000000 717.000000 -26400.035156 -58.598129 81.569092 -0.000572;
17445 1003.000000 734.000000 -33599.281250 -60.057751 83.569008 -0.000572;
17450 1024.000000 764.000000 -30399.425781 -61.473961 85.583275 -0.000572;
17455 1056.000000 786.000000 -36999.339844 -62.764244 86.802086 -600.000549;
17460 1100.000000 828.000000 -42799.828125 -62.997116 87.819832 0.003624;
17465 1149.000000 863.000000 -46000.449219 -63.012333 88.676231 0.003624;
17470 1199.000000 920.000000 -53399.781250 -63.374653 89.376915 0.003624;
17475 1250.000000 971.000000 -51000.121094 -62.505104 94.498817 0.003624;
17480 1293.000000 1016.000061 -51200.671875 -61.885574 99.068916 0.003624;
17485 1333.000000 1085.000000 -53999.804688 -61.475800 103.687363 0.003624;
17490 1358.000000 1139.000000 -59200.476562 -60.534107 108.173965 0.003624;
17495 1383.000000 1208.000000 -61999.429688 -59.803230 111.751823 -399.996368;
17500 1413.000000 1263.000000 -64999.917969 -59.697063 115.169983 -0.001526;
17505 1449.000000 1296.000000 -61600.523438 -64.729378 116.917992 -0.001526;
17510 1489.000000 1342.000000 -62999.265625 -69.277298 118.529800 -0.001526;
17515 1512.000000 1368.000000 -70200.304688 -72.928574 120.134544 -0.001526;
17520 1529.000000 1399.000000 -67800.718750 -76.343346 121.264641 -0.001526;
17525 1538.000000 1434.000000 -74999.820312 -82.171982 124.133049 -0.001526;
17530 1545.000000 1445.000000 -71199.812500 -87.361168 126.704842 -0.001526;
17535 1558.000000 1475.000000 -74799.257812 -92.210609 128.892456 -0.001526;
17540 1561.000000 1480.000000 -79600.671875 -87.425781 131.681595 -0.001526;
17545 1559.000000 1482.000000 -77400.148438 -83.356461 133.780685 -0.001526;
17550 1538.000000 1486.000000 -79799.945312 -79.744827 136.102173 -0.001526;
17555 1495.000000 1473.000000 -79399.523438 -77.658958 141.116440 -0.001526;
17560 1437.000000 1451.000000 -82400.414062 -76.083580 145.685455 -0.001526;
17565 1359.000000 1412.000000 -82799.906250 -74.411720 149.857483 -0.001526;
17570 1277.000000 1339.000000 -83799.609375 -80.787315 152.079910 -0.001526;
17575 356.000000 616.000000 -659799.875000 -106.824867 164.570999 -0.001526;
17580 238.000000 523.000000 -89000.671875 -109.246300 164.423691 -0.001526;
17585 114.000000 411.000000 -90400.734375 -109.287743 165.409439 -0.001526;
17590 -10.000000 305.000000 -89800.031250 -109.417900 166.099106 -0.001526;
17595 -138.000000 207.000000 -88400.539062 -109.353928 166.964890 -0.001526;
17600 -258.000000 99.000000 -89200.273438 -107.037247 163.994476 -0.001526;
17605 -375.000000 10.000000 -89200.437500 -104.940048 161.272522 199.998474;
17610 -491.000000 -100.000000 -89000.609375 -102.940704 158.725830 -0.010872;
17615 -600.000000 -220.000000 -88200.671875 -106.398567 160.321609 -0.010872;
17620 -706.000000 -343.000000 -87200.296875 -109.389496 161.759354 199.989120;
17625 -805.000000 -468.000000 -87599.367188 -111.856468 163.063950 0.003624;
17630 -901.000000 -576.000000 -89200.179688 -113.867157 164.143127 0.003624;
17635 -992.000000 -680.000000 -89600.359375 -111.486595 166.401825 0.003624;
17640 -1067.000000 -784.000000 -92000.750000 -109.426872 168.125565 200.003632;
17645 -1138.000000 -886.000000 -89199.398438 -107.718910 169.673859 -0.005722;
17650 -1204.000000 -995.000000 -94399.578125 -108.041725 170.070023 -0.005722;
17655 -1277.000000 -1096.000000 -91599.546875 -108.155975 170.448029 -0.005722;
17660 -1345.000000 -1196.000000 -93399.515625 -107.848839 170.568527 399.994293;
17665 -1400.000000 -1293.000000 -95800.460938 -102.549355 168.858856 -0.000572;
17670 -1448.000000 -1390.000000 -91999.679688 -97.615593 167.357376 199.999420;
17675 -1497.000000 -1479.000000 -98399.867188 -93.287582 166.051498 -0.009918;
17680 -1552.000000 -1558.000000 -89000.507812 -89.182220 165.099838 199.990082;
17685 -1601.000000 -1645.000000 -94200.578125 -88.690300 165.335938 0.004578;
17690 -1637.000000 -1729.000000 -87800.437500 -88.044418 165.394745 0.004578;
17695 -1667.000000 -1815.000000 -91799.843750 -87.370132 165.433487 200.004578;
17700 -1695.000000 -1903.000000 -93599.914062 -82.285690 162.455795 -600.004822;
17705 -1717.000000 -1983.000000 -90999.453125 -76.901733 159.664047 199.999420;
17710 -1733.000000 -2062.000000 -94800.617188 -72.188301 156.955276 -0.009918;
17715 -1738.000000 -2126.000000 -89799.281250 -69.633110 158.758560 -0.009918;
17720 -1748.000000 -2198.000000 -94999.781250 -67.285660 160.244659 199.990082;
17725 -1751.000000 -2264.000000 -92400.085938 -65.080559 161.710541 0.004578;
17730 -1754.000000 -2331.000000 -95800.492188 -63.926094 159.199478 0.004578;
17735 -1747.000000 -2405.000000 -92599.710938 -63.073112 156.903381 200.004578;
17740 -1737.000000 -2461.000000 -91800.218750 -61.872135 154.792587 -0.004768;
17745 -1733.000000 -2524.000000 -93000.289062 -61.032127 152.942261 199.995239;
17750 -1725.000000 -2558.000000 -91799.500000 -59.335800 151.328964 0.009727;
17755 -1725.000000 -2606.000000 -96799.578125 -57.818180 149.791336 200.009735;
17760 -1720.000000 -2648.000000 -92199.343750 -56.403214 148.461243 0.000381;
17765 -1719.000000 -2687.000000 -95199.632812 -39.343395 158.034103 0.000381;
17770 -1716.000000 -2734.000000 -91400.046875 -24.199800 166.825699 200.000381;
17775 -1710.000000 -2760.000000 -92599.898438 -10.491136 174.753204 -0.008965;
17780 -1700.000000 -2800.000000 -94400.414062 1.468310 179.800323 199.991028;
17785 -1684.000000 -2816.000000 -93800.390625 11.998102 184.441742 0.005531;
17790 -1667.000000 -2850.000000 -95000.039062 21.505692 188.586426 200.005524;
17795 -1643.000000 -2887.000000 -93200.343750 28.985403 193.728455 -0.003815;
17800 -1621.000000 -2911.000000 -93599.656250 35.778957 198.403656 -0.003815;
17805 -1596.000000 -2940.000000 -92400.718750 41.812950 202.877899 199.996185;
17810 -1572.000000 -2943.000000 -95399.593750 47.292034 206.847015 0.010681;
17815 -1547.000000 -2952.000000 -93000.125000 51.707619 208.326324 200.010681;
17820 -1523.000000 -2943.000000 -96200.085938 56.547306 209.305634 800.001343;
17825 -1508.000000 -2941.000000 -92200.296875 59.110497 209.068283 0.011635;
17830 -1493.000000 -2938.000000 -92599.820312 61.338089 209.071243 200.011642;
17835 -1487.000000 -2916.000000 -94600.335938 63.354641 208.838333 0.002289;
17840 -1476.000000 -2902.000000 -92199.664062 65.086670 208.723236 200.002289;
17845 -1463.000000 -2866.000000 -98599.953125 66.116653 208.167542 -0.007057;
17850 -1451.000000 -2833.000000 -93999.945312 67.111687 207.684372 199.992935;
17855 -1438.000000 -2784.000000 -96199.703125 67.737213 207.390228 0.007439;
17860 -1438.000000 -2736.000000 -92999.898438 68.908943 207.111481 200.007446;
17865 -1428.000000 -2694.000000 -90399.875000 69.968636 206.902191 -0.001907;
17870 -1423.000000 -2639.000000 -95399.937500 70.782822 206.557022 199.998093;
17875 -1406.000000 -2592.000000 -91599.703125 65.617271 201.988998 -0.011253;
17880 -1389.000000 -2529.000000 -97999.664062 60.902405 197.865784 199.988754;
17885 -1380.000000 -2472.000000 -94000.093750 56.738586 194.150482 0.003242;
17890 -1378.000000 -2405.000000 -94199.843750 52.244717 185.972580 200.003235;
17895 -1399.000000 -2348.000000 -94399.710938 48.198582 178.535507 -0.006104;
17900 -1419.000000 -2297.000000 -90799.687500 45.396713 171.433060 799.993896;
17905 -1446.000000 -2242.000000 -95799.968750 42.033691 165.311859 200.004196;
17910 -1462.000000 -2197.000000 -91799.960938 38.875126 161.207657 -0.005150;
17915 -1480.000000 -2144.000000 -94400.031250 36.176407 157.480392 199.994843;
