selectedNav = [
11810 -5053.000000 1532.000000 -0.028992 -28.877335 76.677490 0.005722;
11815 -5012.000000 1551.000000 -2600.029053 -29.379559 73.425323 400.005737;
11820 -4972.000000 1566.000000 3600.068604 -28.757454 69.227577 200.010864;
11825 -4922.000000 1583.000000 -3800.052002 -28.310780 65.774391 200.001526;
11830 -4859.000000 1587.000000 399.958801 -27.947239 62.484837 399.992157;
11835 -4803.000000 1595.000000 -1000.012146 -27.547050 60.024399 199.997330;
11840 -4742.000000 1598.000000 -2999.989258 -29.467463 56.346100 200.011826;
11845 -4700.000000 1596.000000 2200.079346 -31.242104 53.417099 400.002472;
11850 -4646.000000 1594.000000 -5000.047363 -30.142185 53.821114 200.007629;
11855 -4592.000000 1591.000000 1600.067139 -29.214283 54.187618 399.998291;
11860 -4529.000000 1601.000000 -6000.007812 -28.643040 54.714901 400.003418;
11865 -4467.000000 1601.000000 999.938965 -27.854702 55.104980 400.008575;
11870 -2873.000000 1078.000000 -16600.083984 -45.538311 65.570610 5799.989746;
11875 -2852.000000 1059.000000 1199.952759 -46.319134 64.733543 0.004959;
11880 -2834.000000 1036.000000 -2999.960449 -46.939110 64.319405 200.004959;
11885 -2820.000000 1002.000000 799.917603 -47.192207 64.281525 -800.004333;
11890 -2744.000000 797.000000 4599.975586 -57.685509 53.558025 1200.009155;
11895 -2731.000000 757.000000 -799.977112 -62.965645 53.381763 -599.999268;
11900 -2614.000000 431.000000 -3600.035156 -67.250526 27.904514 400.004944;
11905 -2311.000000 -176.000000 4000.085449 -72.336662 -12.841681 1600.010132;
11910 -2287.000000 -225.000000 6799.994141 -71.568535 -15.935802 200.006866;
11915 -2255.000000 -262.000000 -1800.085449 -70.912056 -18.668051 599.997498;
11920 -2228.000000 -309.000000 2400.070312 -71.920372 -19.704458 199.993332;
11925 -1652.000000 -759.000000 3200.053467 -59.584446 -24.335827 3000.007812;
11930 -1622.000000 -775.000000 2000.094604 -58.900406 -21.704678 200.010681;
11935 -1587.000000 -795.000000 2800.048828 -58.267235 -19.217697 200.001328;
11940 -1540.000000 -808.000000 -999.938965 -57.673943 -16.981398 399.992004;
11945 -1161.000000 -790.000000 -1999.916016 -42.306633 -5.229075 3999.997070;
11950 -181.000000 -1334.000000 18199.939453 -52.536572 -44.785233 24000.000000;
11955 -162.000000 -1352.000000 -599.981689 -51.939823 -45.383934 200.000000;
11960 -133.000000 -1363.000000 -2399.929688 -51.630322 -46.019470 199.990662;
11965 -110.000000 -1373.000000 -2199.913086 -51.306274 -46.454136 200.005142;
11970 569.000000 -1648.000000 -8799.977539 -23.938704 -14.664959 3599.995850;
11975 614.000000 -1659.000000 -1000.042664 -21.238394 -11.603887 -0.005531;
11980 659.000000 -1656.000000 1399.980225 -18.844864 -8.655198 199.994476;
11985 707.000000 -1662.000000 -1000.013733 -16.779949 -5.917974 200.008957;
11990 1153.000000 -1616.000000 -11599.991211 0.673288 -4.084839 -3000.000488;
11995 1158.000000 -1603.000000 -200.068665 0.062195 -5.555854 -0.003242;
12000 1163.000000 -1589.000000 -2199.987793 -0.627211 -7.077456 -400.003265;
12005 1163.000000 -1568.000000 1399.948120 3.270455 -13.242517 199.991608;
12010 1585.000000 -887.000000 -35200.046875 29.297501 -42.281769 2600.006104;
12015 1613.000000 -845.000000 -2199.926758 32.257614 -40.565380 200.003815;
12020 1649.000000 -823.000000 -2999.990967 31.407892 -39.879116 -0.005531;
12025 1685.000000 -789.000000 -2799.922119 30.403715 -39.221161 -0.005531;
12030 1790.000000 -679.000000 -3199.934570 30.239180 -33.060181 199.994476;
12035 1826.000000 -640.000000 -3999.975586 30.754517 -30.640234 0.008965;
12040 1856.000000 -603.000000 399.925232 30.144522 -30.528393 0.008965;
12045 1888.000000 -579.000000 -2600.045654 29.535889 -30.339891 0.008965;
12050 1918.000000 -544.000000 -3799.948242 28.840059 -30.176477 0.008965;
12055 1949.000000 -514.000000 1600.062622 28.180046 -29.982584 0.008965;
12060 1975.000000 -467.000000 -5000.012207 30.860126 -28.012157 200.008957;
12065 1998.000000 -428.000000 4399.911621 33.137604 -26.333544 -0.000381;
12070 2023.000000 -387.000000 -3199.960205 35.233494 -24.704342 -0.000381;
12075 2043.999878 -359.000000 1399.998413 35.290638 -21.067200 199.999619;
12080 2071.000000 -332.000000 1000.004517 35.331318 -17.540855 199.990265;
12085 2096.000000 -301.000000 -3600.018311 35.305828 -14.539875 0.004768;
12090 2146.000000 -223.000000 -3800.088379 37.406712 -12.122884 0.004768;
12095 2163.000000 -191.000000 199.922180 39.234249 -12.458899 0.004768;
12100 2250.000000 -37.000000 -6799.967773 37.648182 0.931585 800.004761;
12105 2251.000000 3.000000 399.920654 40.018303 3.533695 -0.008774;
12110 2242.000000 71.000000 -2200.050293 44.084682 8.096469 -0.008774;
12115 2235.000000 81.000000 -599.923706 45.794525 10.030645 -0.008774;
12120 2232.000000 106.000000 -1800.062500 47.229710 11.667423 -0.008774;
12125 2218.000000 127.000008 3800.093262 43.549492 14.147014 -0.008774;
12130 2141.000000 265.000000 -2199.917480 49.286652 24.934658 1199.991211;
12135 2141.000000 265.000000 0.018311 49.286652 24.934658 0.006676;
12140 2119.000000 284.000000 800.018311 48.542942 27.833160 0.006676;
12145 2058.000000 332.000000 -599.923706 49.218269 33.148823 0.006676;
12150 2023.000000 374.000000 -1200.062500 50.359692 35.473171 200.006683;
12155 1939.000000 444.000000 -3399.958740 52.231346 40.655434 3199.997314;
12160 1829.000000 527.000000 -7599.919434 49.662159 41.310516 199.990845;
12165 1782.000000 560.000000 -3400.088623 48.566513 40.283928 200.005341;
12170 1737.000000 593.000000 -200.048828 47.636250 39.000435 199.996002;
12175 1698.000000 617.000000 -8999.967773 46.888672 37.994289 0.010490;
12180 1659.000000 652.000000 -14399.953125 45.986103 37.103535 800.010498;
12185 1650.000000 687.000000 -21600.042969 42.563843 39.130524 199.996948;
12190 1630.000000 740.000000 -29000.082031 39.295067 40.979809 200.011444;
12195 1633.000000 788.000000 -27799.992188 37.437794 40.587528 0.002098;
12200 1644.000000 852.000000 -34200.003906 35.651314 40.278961 200.002106;
12205 1660.000000 907.000000 -32999.910156 33.950203 39.947903 199.992752;
12210 1698.000000 968.000000 -40399.914062 25.023499 41.550438 200.007248;
12215 1728.000000 1043.000000 -43599.984375 16.823757 42.874828 -0.002098;
12220 1769.000000 1106.000000 -46000.089844 8.803944 45.200169 2999.997803;
12225 1819.000000 1184.000000 -50599.992188 1.758435 45.931171 0.000763;
12230 1886.000000 1246.000000 -50399.941406 -4.622037 47.079266 200.000763;
12235 1957.000000 1334.000000 -56799.968750 -10.431796 48.254745 199.991425;
12240 2038.000122 1448.000000 -60400.078125 -15.724229 49.624653 200.005920;
12245 2127.000000 1562.000000 -65400.070312 -20.405815 50.532162 -0.003433;
12250 2235.000000 1673.000000 -65599.945312 -25.050451 50.768394 199.996567;
12255 2365.000000 1768.000000 -67999.929688 -27.690325 57.802853 200.011063;
12260 2476.000000 1857.000000 -68400.093750 -26.146004 63.166229 -199.998291;
12265 2588.000000 1967.000000 -72600.093750 -24.778261 68.911438 200.011063;
12270 2676.000000 2074.000000 -73999.914062 -30.685734 79.260719 0.001717;
12275 2765.000000 2145.000000 -70199.945312 -36.507515 88.038033 0.001717;
12280 2864.000000 2216.000000 -75399.968750 -42.246452 96.142227 200.001709;
12285 2929.000000 2253.000000 -71200.007812 -47.154751 103.888107 199.992371;
12290 2987.000000 2309.000000 -78400.015625 -51.359238 118.843468 0.006866;
12295 3025.000000 2349.000000 -77599.976562 -55.183002 132.081177 200.006866;
12300 3045.000000 2345.000000 -71600.070312 -58.681503 143.022217 -200.002472;
12305 3060.000000 2355.000000 -80199.914062 -61.161545 153.149384 0.006866;
12310 3042.000000 2334.000000 -73999.906250 -62.824070 162.646408 0.006866;
12315 2997.000000 2332.000000 -82800.125000 -64.203629 171.044403 200.006866;
12320 2961.000000 2299.000000 -84199.828125 -65.375977 178.693802 -0.002480;
12325 2905.000000 2240.000000 -78599.929688 -66.365768 193.761520 199.997513;
12330 2841.000000 2171.000000 -88799.992188 -67.626328 207.351990 -0.011826;
