selectedNav = [
9400 -948.000000 -1552.000000 -0.207520 168.291290 6.628125 0.001621;
9405 -961.000000 -1565.000000 -2800.207520 168.428513 9.849772 0.001621;
9410 -979.000000 -1593.000000 -5600.219727 168.429230 12.462985 -199.998383;
9415 -1001.000061 -1600.000000 -3000.244141 168.511398 14.917337 -0.000954;
9420 -1005.000000 -1612.000000 -4800.366211 171.585251 14.150632 -0.000954;
9425 -1010.000000 -1603.000000 -2999.951172 174.381561 13.304631 -0.000954;
9430 -985.000000 -1574.000000 -10800.073242 180.780350 12.111543 -400.000946;
9435 -989.000000 -1552.000000 -6799.902344 184.473862 11.623755 0.005817;
9440 -993.000000 -1543.000000 -8000.585449 187.581421 10.972752 -199.994171;
9445 -1008.000000 -1524.000000 -4600.402832 190.293625 10.479208 0.003242;
9450 -1003.000000 -1514.000000 -4399.877930 193.970001 12.659753 0.003242;
9455 -1000.000000 -1502.000000 -2599.243164 197.146103 14.331120 0.003242;
9460 -986.000000 -1495.000000 -1600.671387 200.155426 16.049349 -199.996750;
9465 -970.000000 -1489.000000 -5800.024414 202.537689 14.856837 0.000668;
9470 -977.000000 -1481.000000 -3800.158691 204.923126 14.064295 0.000668;
9475 -999.000000 -1466.000000 -12600.720703 211.061157 15.235690 0.000668;
9480 -1003.000000 -1463.000000 -6000.012207 214.769775 17.003080 0.000668;
9485 -1002.000000 -1464.000000 -6200.256348 218.063965 18.292870 0.000668;
9490 -1002.000000 -1472.000000 -3800.610352 218.456146 15.525164 -199.999329;
9495 -995.000000 -1482.000000 -8799.646484 218.690887 12.995754 -0.001907;
9500 -1011.000061 -1490.000000 -5199.902344 218.903152 10.840337 -0.001907;
9505 -1021.999939 -1507.000000 -8999.707031 218.599091 11.231696 -200.001907;
9510 -1033.000000 -1524.000000 -5600.073242 218.286499 11.328863 -0.004482;
9515 -1042.000000 -1588.000000 -13200.097656 217.725449 11.720482 -200.004486;
9520 -1050.000000 -1627.000000 -3599.719238 218.796463 10.005820 0.004864;
9525 -1051.000000 -1665.000000 -9400.170898 219.792679 8.402449 0.004864;
9530 -1069.000000 -1701.000000 -6200.756836 220.772324 6.875521 -199.995132;
9535 -1063.000000 -2072.000000 -38999.585938 216.484100 0.094405 -799.997681;
9540 -1066.000000 -2142.000000 -6799.645996 216.148407 -2.513917 0.003910;
9545 -1072.000000 -2217.000000 -5200.329590 226.598389 -1.238986 0.003910;
9550 -1072.000000 -2301.000000 -6200.134277 235.978836 0.168577 -199.996078;
9555 -1073.000000 -2394.000000 -7200.488281 244.995514 1.305785 400.001343;
9560 -1068.000000 -2485.000000 -4999.865723 247.152466 0.227508 -0.005436;
9565 -2663.000000 -5727.000000 -311199.562500 525.894958 -165.887054 -3600.005371;
9570 -2676.000000 -5703.000000 -3399.609375 532.021606 -170.822418 -200.004105;
9575 -2675.000000 -5698.000000 -7599.951172 536.225830 -173.969559 0.005245;
9580 -2681.000000 -5698.000000 800.451660 539.815186 -177.261597 0.005245;
9585 -2673.000000 -5694.000000 -5400.634766 543.148682 -179.650146 0.005245;
9590 -2683.000000 -5693.000000 -1400.549316 541.374451 -181.275757 -999.994751;
9595 -2682.000000 -5688.000000 2000.207397 542.527039 -183.806290 0.004292;
9600 -2681.000000 -5687.000000 -3000.219727 543.698853 -186.303375 -199.995712;
9605 -2679.000000 -5685.000000 4599.658203 544.497620 -188.819550 0.001717;
9610 -2667.000000 -5687.000000 -5799.340820 554.993164 -189.195023 0.001717;
9615 -2670.000000 -5691.000000 1000.524902 564.302551 -189.925186 0.001717;
9620 -2662.000000 -5686.000000 -3600.451660 572.886719 -189.968246 0.001717;
9625 -2667.000000 -5687.000000 -2799.377441 578.097839 -192.849228 -199.998291;
9630 -2660.000000 -5681.000000 -999.389648 582.078979 -194.935623 -200.000854;
9635 -2648.000000 -5677.000000 -6399.938965 586.460266 -197.141251 -0.003433;
9640 -2559.000000 -5668.000000 -13400.403320 606.477966 -216.849945 -200.003433;
9645 -2473.000000 -5683.000000 -600.134277 613.585815 -223.990204 800.005920;
9650 -2425.000000 -5701.000000 1999.536133 612.584656 -228.600143 0.004292;
9655 -2392.000000 -5729.000000 1400.634766 611.998901 -232.554001 0.004292;
9660 -2367.000000 -5766.000000 -1400.122070 611.537720 -235.882568 0.004292;
9665 -2350.000000 -5795.000000 3000.634766 615.565552 -233.938248 0.004292;
9670 -2301.000000 -5854.000000 2600.756836 622.313782 -230.322723 0.004292;
9675 -2271.000000 -5887.000000 2200.659180 633.207458 -236.711517 0.004292;
9680 -2236.000000 -5914.000000 -599.658203 645.750427 -243.405029 800.004333;
9685 -2168.000000 -5977.000000 -8999.987305 667.807312 -250.663483 0.002670;
9690 -1997.000000 -6082.000000 -3000.354004 695.483643 -273.633789 200.002670;
9695 -1925.000000 -6098.000000 3599.523926 710.354248 -279.434357 0.005245;
9700 -1804.000000 -6172.000000 9799.975586 713.234741 -283.080994 0.005245;
9705 -1747.000000 -6187.000000 5799.255371 711.535828 -283.899414 0.005245;
9710 -1693.000000 -6177.000000 -0.610352 723.007324 -286.648926 200.005249;
9715 -1621.000000 -6164.000000 5399.389648 743.046265 -291.375549 -0.004101;
9720 -1586.000000 -6172.000000 3599.304199 751.298096 -293.584259 199.995911;
9725 -1532.000000 -6181.000000 799.755859 753.284973 -293.951477 -0.001526;
9730 -1474.000000 -6189.000000 200.195312 755.109802 -294.403656 -0.001526;
9735 -1425.000000 -6179.000000 7400.305176 756.755737 -294.841095 -0.001526;
9740 -1370.000000 -6155.000000 -1600.207520 763.612671 -296.892639 -0.001526;
9745 -1338.000000 -6128.000000 8200.439453 769.612671 -299.578094 -0.001526;
9750 -1280.000000 -6106.000000 -199.633789 774.608704 -301.046173 -200.001526;
9755 -1243.000000 -6081.000000 3600.256348 777.166809 -304.998566 -0.004101;
9760 -1191.000000 -6058.000000 5000.708008 779.274780 -308.085266 -0.004101;
9765 -1139.000000 -6035.000000 800.402832 781.263977 -311.107513 -0.004101;
9770 -1042.000000 -5952.000000 9399.316406 791.682495 -316.220490 -0.004101;
9775 -1024.000000 -5900.000000 6399.902344 795.992004 -318.579956 -0.004101;
9780 -979.000000 -5848.000000 2200.366211 799.964905 -320.039246 -0.004101;
9785 -953.000000 -5794.000000 4600.048828 798.028503 -317.809662 -0.004101;
9790 -903.000000 -5738.000000 5199.523926 796.232300 -315.333618 -0.004101;
9795 -855.000000 -5701.000000 2599.328613 794.561279 -313.470825 199.995911;
9800 -825.000000 -5654.000000 6800.756836 793.574036 -320.807312 -0.001526;
9805 -790.000000 -5611.000000 799.914551 792.551575 -327.137451 -0.001526;
9810 -785.000000 -5562.000000 6000.354004 791.686035 -333.131470 -0.001526;
9815 -751.000000 -5500.000000 3200.598145 794.344299 -332.678284 -0.001526;
9820 -726.000000 -5457.000000 4799.304199 796.536255 -332.762451 -0.001526;
9825 -683.000000 -5404.000000 6600.415039 799.407959 -332.682831 399.998474;
9830 -515.000000 -5195.000000 19999.462891 801.733093 -343.520264 0.003624;
9835 -498.000000 -5163.000000 4599.768066 802.830200 -342.528839 0.003624;
9840 -467.000000 -5148.000000 399.243164 798.454224 -345.060669 800.003662;
9845 -450.000000 -5120.000000 3799.462891 793.137695 -347.175201 0.002003;
9850 -423.000000 -5075.000000 4200.024414 788.002747 -349.147125 0.002003;
9855 -400.000000 -5044.000000 1799.279785 795.408325 -355.327911 0.002003;
9860 -380.000000 -5000.000000 5200.268555 801.621460 -360.975677 0.002003;
9865 -344.000000 -4976.000000 2400.073242 807.390259 -365.946411 0.002003;
9870 -318.000000 -4941.000000 3799.865723 810.219177 -369.707367 200.001999;
9875 -279.000000 -4916.000000 3600.427246 812.664612 -373.142975 0.004578;
9880 -250.000000 -4879.000000 2399.353027 816.599731 -375.958801 600.004578;
9885 -235.000000 -4836.000000 4000.671387 822.947998 -377.099945 0.000381;
9890 -205.000000 -4797.000000 3799.816895 828.916992 -377.966919 0.000381;
9895 -186.000000 -4760.000000 3400.378418 834.240234 -378.776672 200.000381;
9900 -148.000000 -4728.000000 5000.720215 839.084656 -379.639740 0.002956;
9905 -109.000000 -4693.000000 1800.415039 840.307434 -382.823608 0.002956;
9910 -77.000000 -4667.000000 2999.877930 841.140259 -385.917358 0.002956;
9915 -39.000000 -4630.000000 1000.000000 842.172485 -388.264923 0.002956;
