selectedNav = [
13950 -4479.000000 -2513.000000 0.646973 -139.538467 87.845245 -0.009727;
13955 -4410.000000 -2531.000000 -399.353027 -137.233154 82.694809 399.990265;
13960 -4349.000000 -2542.000000 1400.427246 -136.229111 74.856621 199.995422;
13965 -4282.000000 -2552.000000 1599.670410 -135.502808 67.904343 400.009918;
13970 -4210.000000 -2561.000000 -799.450684 -135.642090 62.711811 -200.008774;
13975 -4127.000000 -2569.000000 0.109863 -140.305603 55.609619 400.000580;
13980 -4026.000000 -2575.000000 0.109863 -144.432632 49.521912 400.005737;
13985 -3915.000000 -2579.000000 1400.109863 -148.014343 44.279594 400.010895;
13990 -3792.000000 -2582.000000 2599.353027 -151.261948 39.925758 199.992188;
13995 -3522.000000 -2590.000000 7799.255371 -154.859497 27.505974 800.006714;
14000 -3377.000000 -2595.000000 1000.488281 -156.283600 22.635242 399.993134;
14005 -3232.000000 -2597.000000 -0.488281 -157.546967 19.333727 399.998291;
14010 -3091.000000 -2597.000000 -2600.488281 -158.717728 16.793447 400.003418;
14015 -2955.000000 -2597.000000 -3800.390625 -159.701477 14.877096 400.008575;
14020 -2827.000000 -2594.000000 -599.426270 -161.339142 13.120653 399.989899;
14025 -2698.000000 -2595.000000 -1399.755859 -162.849304 11.717913 399.995026;
14030 -2562.000000 -2598.000000 -200.524902 -164.178207 10.692617 400.000183;
14035 -2420.000000 -2599.000000 -600.634766 -163.975510 5.923359 400.005341;
14040 -2273.000000 -2602.000000 -1199.438477 -163.705978 1.765478 400.010498;
14045 -2123.000000 -2602.000000 -1200.097656 -164.064117 -1.336583 -200.008194;
14050 -1979.000000 -2603.000000 -2000.756714 -164.197479 -4.245757 400.001129;
14055 -1833.000000 -2609.000000 -800.329590 -164.305542 -6.577843 400.006287;
14060 -1686.000000 -2614.000000 800.756836 -164.369339 -8.271471 400.011444;
14065 -1536.000000 -2620.000000 1599.670410 -165.280838 -12.681240 399.992767;
14070 -1381.000000 -2627.000000 3800.549316 -166.117630 -16.304480 399.997894;
14075 -1237.000000 -2635.000000 3199.584961 -166.833740 -19.353313 400.003052;
14080 -1098.000000 -2650.000000 1599.816895 -167.402542 -21.919344 600.008179;
14085 -973.000000 -2668.000000 1200.695801 -168.506088 -18.591480 -599.995972;
14090 -859.000000 -2685.000000 -1600.170898 -168.181015 -16.058084 400.008209;
14095 -748.000000 -2709.000000 -2599.523926 -167.787308 -13.630468 399.989502;
14100 -647.000000 -2727.000000 -1799.426270 -169.197891 -13.992335 399.994659;
14105 -534.000000 -2754.000000 -1600.415039 -170.448608 -14.187859 399.999786;
14110 -424.000000 -2786.000000 600.231934 -171.553085 -14.234515 400.004944;
14115 -307.000000 -2822.000000 1200.561523 -172.392700 -14.097412 400.010101;
14120 -186.000000 -2867.000000 -200.305176 -174.321243 -17.042141 399.991425;
14125 -66.000000 -2906.000000 -200.415039 -177.019531 -19.550444 -400.003418;
14130 59.000000 -2952.000000 -4600.524902 -178.288727 -21.630598 399.991425;
14135 178.000000 -2997.000000 -1200.000000 -176.569397 -24.912731 399.996582;
14140 300.000000 -3043.000000 199.340820 -174.889725 -27.472397 400.001709;
14145 412.000000 -3096.000000 2199.450684 -173.279495 -29.435562 400.006866;
14150 518.000000 -3142.000000 7000.659180 -171.089355 -31.306286 399.988159;
14155 616.000000 -3196.000000 4399.926758 -169.001862 -32.814316 399.993317;
14160 703.000000 -3249.000000 5799.291992 -167.060135 -34.100174 399.998474;
14165 789.000000 -3304.000000 3199.426270 -163.352264 -31.118799 -199.996384;
14170 871.000000 -3362.000000 199.658203 -159.160934 -28.225410 399.989136;
14175 949.000000 -3411.000000 1799.768066 -155.252640 -25.447010 399.994293;
14180 1021.999939 -3459.000000 -399.243164 -152.484726 -24.609734 399.999451;
14185 1097.000000 -3504.000000 5800.537109 -149.872086 -23.731194 400.004578;
14190 1176.000000 -3550.000000 3600.671387 -147.491226 -22.954205 400.009735;
14195 1261.000000 -3603.000000 2399.597168 -147.645477 -24.064007 399.991028;
14200 1347.000000 -3655.000000 -0.610352 -147.731842 -24.875359 399.996185;
14205 1427.000000 -3708.000000 -5400.610352 -148.869446 -26.052324 -199.998657;
14210 1502.000000 -3756.000000 -5000.524902 -148.717926 -26.403061 400.010681;
14215 1572.000000 -3798.000000 -4600.219727 -145.698242 -25.478302 399.992004;
14220 1634.000000 -3838.000000 -1199.694824 -142.896118 -24.570778 399.997131;
14225 1687.000000 -3870.000000 2599.645996 -140.290375 -23.487625 400.002289;
14230 1725.000000 -3899.000000 3799.548340 -136.478546 -23.339333 400.007416;
14235 1751.000000 -3927.000000 4800.109863 -133.048843 -23.035358 399.988739;
14240 1768.000000 -3958.000000 -0.305176 -129.834198 -22.830276 399.993896;
14245 1774.000000 -3985.000000 1599.694824 -129.776352 -22.520733 399.999054;
14250 1786.000000 -4011.000244 2200.573730 -129.345520 -22.142944 400.004211;
14255 1789.000000 -4028.000000 3800.256348 -128.936020 -22.034851 400.009338;
14260 1793.000000 -4039.000000 7799.291992 -123.588669 -23.462471 399.990662;
14265 1801.000000 -4048.999756 8200.525391 -118.808235 -24.838120 399.995789;
14270 1803.000000 -4057.000244 8000.452148 -114.612610 -26.278259 400.000946;
14275 1817.000000 -4067.000000 5200.268555 -110.771515 -27.411751 400.006104;
14280 1825.000000 -4072.000000 1400.073242 -111.146057 -30.471645 400.011230;
14285 1832.000000 -4071.000000 199.316406 -110.708084 -32.728779 799.992554;
14290 1840.000000 -4065.000000 -1600.573730 -110.904083 -34.976387 600.002869;
14295 1841.000000 -4047.000000 2600.073242 -108.648071 -35.279793 399.998657;
14300 1847.000000 -4031.000244 2999.975586 -106.615944 -35.496361 400.003815;
14305 1844.000000 -4017.000244 3200.097656 -104.790375 -35.723713 400.008972;
14310 1834.000000 -3999.000000 2600.329590 -103.514717 -35.065788 599.990234;
14315 1821.000000 -3986.000000 400.231934 -102.317818 -34.595985 400.009918;
14320 1804.000000 -3967.000000 -999.548340 -101.342087 -34.279072 399.991211;
14325 1798.000000 -3947.000000 -400.097656 -96.965538 -35.344883 199.996384;
14330 1797.000000 -3927.000000 1199.682617 -92.481384 -36.080589 400.010895;
14335 1797.000000 -3899.000000 3400.341797 -88.584381 -36.658684 399.992157;
14340 1805.000000 -3875.000000 7200.683594 -85.029800 -37.121132 399.997314;
14345 1806.000000 -3846.000000 9000.060547 -80.699944 -40.066563 600.002441;
14350 1815.000000 -3821.000000 9600.427734 -76.792862 -42.754936 399.998291;
14355 1825.000000 -3794.000000 6799.597168 -73.372223 -45.125008 400.003418;
14360 1833.000000 -3758.000000 5200.280762 -70.883308 -45.464157 400.008575;
14365 1841.000000 -3723.000000 800.085449 -69.268303 -46.044769 199.989883;
14370 1837.000000 -3677.000000 600.524902 -67.473381 -46.259430 400.004395;
14375 1836.000000 -3633.000000 1599.328613 -66.478699 -46.638077 600.009583;
14380 1825.000000 -3589.000000 200.207520 -65.650604 -47.071224 400.005341;
14385 1818.000000 -3544.000000 2800.317383 -64.995667 -47.450699 400.010498;
14390 1816.000000 -3505.000000 1800.329590 -67.053299 -47.399300 399.991821;
14395 1815.000000 -3460.000000 3199.792480 -69.060959 -47.391987 599.996948;
14400 1829.000000 -3419.000000 2400.024414 -70.884315 -47.369598 399.992767;
14405 1845.000000 -3371.000000 1999.816895 -71.822723 -47.016731 999.997925;
14410 1868.000000 -3323.000000 4999.389648 -71.107246 -45.615170 399.998840;
14415 1889.000000 -3277.000000 3000.610352 -70.521973 -44.340321 400.003998;
14420 1900.000000 -3229.000000 6600.732422 -70.940315 -42.827549 600.009155;
14425 1916.000000 -3191.000000 4999.780273 -71.363991 -41.352371 400.004944;
14430 1924.000000 -3150.000000 3599.475098 -71.806808 -40.060917 400.010101;
14435 1938.000000 -3115.000000 3799.926758 -72.184929 -38.724831 599.991455;
14440 1943.000000 -3080.000000 2600.488281 -72.369431 -36.542259 400.011047;
14445 1935.000000 -3041.000000 3400.390625 -72.405708 -34.377937 599.992371;
14450 1925.000000 -3002.000000 2800.732422 -72.609581 -32.569656 399.988159;
14455 1899.000000 -2954.000000 3400.744629 -70.683182 -30.317146 399.993317;
