selectedNav = [
24490 1162.000000 -773.000000 -0.256348 -15.138725 188.136658 0.010109;
24495 1161.000000 -782.000000 7599.743652 -12.207581 189.187759 -199.989883;
24500 1136.000000 -789.000000 -7599.896484 -9.767375 190.145950 -200.004379;
24505 1114.000000 -800.000000 -4400.256348 -8.982925 195.191605 0.004959;
24510 1089.000000 -823.000000 -14199.621094 -8.411242 200.044067 -199.995041;
24515 1063.000000 -843.000000 -19599.792969 -8.108143 204.067688 -0.009537;
24520 1053.000000 -870.000000 -18799.876953 -7.752992 207.843445 -200.009537;
24525 1027.000000 -875.000000 -31600.287109 -7.627890 211.081665 -0.000191;
24530 1006.000061 -878.000000 -23600.097656 -7.537879 214.018341 -200.000198;
24535 979.000000 -885.000000 -38600.089844 -7.681375 216.525299 -199.990845;
24540 958.000000 -899.000000 -32999.929688 -7.714880 218.629852 -0.005341;
24545 936.000000 -918.000000 -43199.750000 -7.861769 220.622040 -0.005341;
24550 900.000000 -926.000000 -46599.832031 -8.168674 222.304993 -200.005341;
24555 871.000000 -934.000000 -41800.250000 -11.594002 220.308731 -199.996002;
24560 849.000000 -938.000000 -53000.324219 -15.038703 221.380981 -0.010490;
24565 834.000000 -939.000000 -46799.683594 -17.888678 222.682693 -0.010490;
24570 799.000000 -930.000000 -57400.214844 -22.051020 219.318527 -200.010498;
24575 745.000000 -911.000000 -55599.699219 -25.764963 216.341843 -200.001144;
24580 691.000000 -894.000000 -53599.722656 -29.281258 213.447388 0.008202;
24585 645.000000 -888.000000 -58000.175781 -32.791817 210.826218 0.008202;
24590 595.000000 -870.000000 -63199.992188 -33.729454 217.243988 -199.991791;
24595 521.000000 -833.000000 -69200.375000 -34.402802 223.182343 -0.006294;
24600 434.000000 -782.000000 -71200.242188 -35.195786 228.201477 -0.006294;
24605 366.000000 -739.000000 -66599.687500 -33.964294 228.001328 -0.006294;
24610 318.000000 -715.000000 -64999.648438 -33.165272 227.496384 -200.006287;
24615 267.000000 -677.000000 -75800.257812 -32.467712 227.436447 0.003052;
24620 183.000000 -616.000000 -74199.937500 -36.223244 221.131958 -199.996948;
24625 81.000000 -542.000000 -78200.257812 -39.705830 215.048248 -0.011444;
24630 2.000000 -478.000000 -72799.726562 -42.867664 209.193497 -200.011444;
24635 -62.000000 -436.000000 -69600.046875 -42.051670 210.952850 -0.002098;
24640 -129.000000 -406.000000 -80800.125000 -41.364834 213.243835 -200.002106;
24645 -224.000000 -375.000000 -75800.265625 -40.655014 215.752228 -199.992752;
24650 -338.000000 -357.000000 -81399.937500 -40.126385 218.017242 199.992752;
24655 -2232.000000 -762.000000 -1573799.625000 -54.128731 204.182465 -1999.992676;
24660 -2291.000000 -792.000000 -88999.742188 -54.627403 204.990402 -199.994659;
24665 -2331.000000 -825.000000 -88599.804688 -55.193417 205.459183 -200.009155;
24670 -2370.000000 -864.000000 -87799.640625 -55.725677 205.883499 0.000191;
24675 -2404.000000 -900.000000 -85599.804688 -56.690022 204.069580 -199.999817;
24680 -2432.000000 -940.000000 -86600.296875 -57.543171 202.534210 -199.990463;
24685 -2465.000000 -970.000000 -87399.796875 -58.137947 200.662567 1199.994995;
24690 -2485.000000 -1000.000000 -87799.742188 -57.674969 193.752838 -199.989517;
24695 -2514.000000 -1028.000000 -89799.914062 -57.271618 187.626968 -0.004005;
24700 -2534.000000 -1061.000000 -87799.640625 -56.737064 182.223526 -200.004013;
24705 -2560.000000 -1101.000000 -88199.812500 -58.492981 177.021591 0.005341;
24710 -2592.000000 -1136.000000 -87800.195312 -59.946705 172.377838 -199.994659;
24715 -2611.000000 -1177.000000 -87200.359375 -61.101494 167.981110 -0.009155;
24720 -2632.000000 -1208.000000 -87600.195312 -62.057190 163.870102 -200.009155;
24725 -2630.000000 -1239.000000 -88600.250000 -58.821018 160.925446 -199.999817;
24730 -2627.000000 -1272.000000 -88400.093750 -55.910278 158.423035 0.009537;
24735 -2608.000000 -1298.000000 -90799.820312 -53.159805 156.186356 0.009537;
24740 -2581.000000 -1328.000000 -90000.109375 -50.822506 153.873184 -199.990463;
24745 -2555.000000 -1350.000000 -90999.953125 -48.657906 151.882919 -0.004959;
24750 -2522.000000 -1368.000000 -90200.359375 -46.863422 150.029434 -200.004959;
24755 -2502.000000 -1384.000000 -90800.304688 -47.270271 148.725998 -199.995605;
24760 -2478.000000 -1397.000000 -91799.835938 -47.683079 147.605713 -200.010101;
24765 -2455.000000 -1429.000000 -89599.906250 -47.918274 146.769226 -200.000763;
24770 -2431.000000 -1462.000000 -92200.304688 -53.512024 145.498383 0.008583;
24775 -2402.000000 -1499.000000 -89599.828125 -58.435173 144.224197 0.008583;
24780 -2380.000000 -1530.000000 -91000.218750 -63.054890 143.308960 -199.991425;
24785 -2343.000000 -1550.000000 -89399.859375 -66.940742 142.164581 -0.005913;
24790 -2303.000000 -1575.000000 -89200.132812 -61.588692 144.074921 -200.005920;
24795 -2259.000000 -1584.000000 -91600.304688 -56.565170 145.553177 -399.996582;
24800 -2214.000000 -1595.000000 -89800.273438 -52.178432 147.003998 -0.001717;
24805 -2181.000000 -1601.000000 -93200.007812 -49.733562 150.386795 -0.001717;
24810 -2138.000000 -1604.000000 -89800.085938 -47.398468 153.403488 -0.001717;
24815 -2110.000000 -1614.000000 -90799.820312 -45.373245 156.209732 199.998291;
24820 -2073.000000 -1612.000000 -88200.109375 -44.913986 155.615036 -0.011063;
24825 -2032.000122 -1623.000000 -91199.726562 -44.739243 155.276093 -200.011063;
24830 -1987.000000 -1621.000000 -91200.242188 -44.653061 155.026733 -0.001717;
24835 -1937.000000 -1620.000000 -94599.984375 -43.635292 154.934448 -200.001709;
24840 -1906.000000 -1624.000000 -94000.070312 -42.581230 154.790665 -199.992371;
24845 -1874.000000 -1613.000000 -93799.820312 -41.469593 154.781967 -0.006866;
24850 -1855.000000 -1614.000000 -93799.851562 -40.479240 154.619400 -200.006866;
24855 -1831.000000 -1602.000000 -90199.875000 -43.612114 158.212860 0.002480;
24860 -1811.000000 -1599.000000 -93999.835938 -46.341843 161.236923 -199.997513;
24865 -1792.000000 -1596.000000 -91399.968750 -48.796677 165.894577 -199.988174;
24870 -1770.000000 -1586.000000 -96399.828125 -50.928589 169.817444 -0.002670;
24875 -1744.000000 -1590.000000 -94000.140625 -53.075478 173.350494 -200.002670;
24880 -1712.000000 -1582.000000 -95799.898438 -55.045433 176.479248 0.006676;
24885 -1690.000000 -1577.000000 -94199.875000 -55.454533 181.664871 0.006676;
24890 -1679.000000 -1559.000000 -92400.125000 -55.841717 186.608185 -199.993332;
24895 -1685.000000 -1539.000000 -92200.140625 -56.113136 190.807022 -0.007820;
24900 -1685.000000 -1521.000000 -91000.054688 -58.746849 198.599655 -0.007820;
24905 -1694.000000 -1494.000000 -94200.070312 -61.313450 205.292282 -0.007820;
24910 -1710.000000 -1470.000000 -93199.937500 -63.827679 211.729126 199.992188;
24915 -1732.000000 -1451.000000 -92800.015625 -68.193970 214.080978 0.006676;
24920 -1760.000000 -1442.000000 -91599.875000 -72.258728 216.393967 -199.993332;
24925 -1780.000000 -1438.000000 -90199.835938 -75.970840 218.272598 -200.007828;
24930 -1819.000000 -1437.000000 -91000.171875 -79.395828 219.837952 -199.998474;
24935 -1852.000000 -1428.000000 -94199.812500 -82.064209 223.169495 -199.989120;
24940 -1894.000000 -1420.000000 -93000.062500 -84.407661 225.759796 -0.003624;
24945 -1933.000000 -1410.000000 -94600.031250 -86.531944 228.141983 -0.003624;
24950 -1971.000000 -1415.000000 -92000.117188 -88.559792 226.956726 199.996384;
24955 -2020.000000 -1425.000000 -93599.914062 -90.241547 226.178299 200.010864;
24960 -2063.000000 -1437.000000 -92399.835938 -91.761833 225.534424 0.001526;
24965 -2116.000000 -1458.000000 -91599.851562 -92.461327 226.847412 0.001526;
24970 -2159.000000 -1476.000000 -91799.820312 -93.098824 227.789902 0.001526;
24975 -2209.000000 -1499.000000 -91799.890625 -93.659851 228.500580 200.001526;
24980 -2260.000000 -1516.000000 -93599.960938 -93.909645 233.296051 -200.007828;
24985 -2321.000000 -1534.000000 -94399.882812 -94.191673 237.660110 0.001526;
24990 -2387.000000 -1556.000000 -92799.859375 -94.347755 241.677292 0.001526;
